11	1	0.15	6.72	0	0.00	0.00	0.00	0.00
11	1	0.45	6.72	0	1.00	0.00	0.00	0.00
11	1	0.75	6.72	0	0.92	0.08	0.00	0.00
11	1	1.05	6.72	0	0.74	0.26	0.00	0.00
11	1	1.35	6.72	0	0.67	0.33	0.00	0.00
11	1	1.65	6.72	0	0.62	0.38	0.00	0.00
11	1	1.95	6.72	0	0.58	0.41	0.00	0.00
11	1	2.25	6.72	0	0.57	0.41	0.02	0.00
11	1	2.55	6.72	0	0.56	0.38	0.05	0.00
11	1	2.85	6.72	0	0.53	0.38	0.09	0.00
11	1	3.15	6.72	0	0.53	0.33	0.14	0.00
11	1	3.45	6.72	0	0.53	0.28	0.20	0.00
11	1	3.75	6.72	0	0.53	0.25	0.22	0.00
11	1	4.05	6.72	0	0.52	0.22	0.26	0.00
11	1	4.35	6.72	0	0.52	0.19	0.28	0.01
11	1	4.65	6.72	0	0.52	0.17	0.28	0.03
11	1	4.95	6.72	0	0.52	0.15	0.30	0.03
11	1	5.25	6.72	0	0.51	0.13	0.30	0.06
11	1	5.55	6.72	0	0.53	0.12	0.28	0.07
11	1	5.85	6.72	0	0.51	0.12	0.28	0.09
11	1	0.15	15.17	0	0.00	0.00	0.00	0.00
11	1	0.45	15.17	0	1.00	0.00	0.00	0.00
11	1	0.75	15.17	0	0.90	0.10	0.00	0.00
11	1	1.05	15.17	0	0.75	0.25	0.00	0.00
11	1	1.35	15.17	0	0.67	0.33	0.00	0.00
11	1	1.65	15.17	0	0.62	0.38	0.00	0.00
11	1	1.95	15.17	0	0.57	0.42	0.00	0.00
11	1	2.25	15.17	0	0.57	0.41	0.02	0.00
11	1	2.55	15.17	0	0.57	0.39	0.05	0.00
11	1	2.85	15.17	0	0.53	0.38	0.09	0.00
11	1	3.15	15.17	0	0.53	0.32	0.15	0.00
11	1	3.45	15.17	0	0.53	0.29	0.18	0.00
11	1	3.75	15.17	0	0.54	0.23	0.23	0.00
11	1	4.05	15.17	0	0.52	0.23	0.25	0.00
11	1	4.35	15.17	0	0.52	0.19	0.28	0.01
11	1	4.65	15.17	0	0.52	0.17	0.29	0.02
11	1	4.95	15.17	0	0.52	0.15	0.29	0.03
11	1	5.25	15.17	0	0.51	0.14	0.30	0.05
11	1	5.55	15.17	0	0.51	0.13	0.30	0.06
11	1	5.85	15.17	0	0.51	0.11	0.29	0.10
11	1	0.15	23.62	0	0.00	0.00	0.00	0.00
11	1	0.45	23.62	0	0.00	0.00	0.00	0.00
11	1	0.75	23.62	0	0.00	0.00	0.00	0.00
11	1	1.05	23.62	0	0.00	0.00	0.00	0.00
11	1	1.35	23.62	0	0.00	0.00	0.00	0.00
11	1	1.65	23.62	0	0.00	0.00	0.00	0.00
11	1	1.95	23.62	0	0.00	0.00	0.00	0.00
11	1	2.25	23.62	0	0.00	0.00	0.00	0.00
11	1	2.55	23.62	0	0.00	0.00	0.00	0.00
11	1	2.85	23.62	0	0.00	0.00	0.00	0.00
11	1	3.15	23.62	0	0.00	0.00	0.00	0.00
11	1	3.45	23.62	0	0.00	0.00	0.00	0.00
11	1	3.75	23.62	0	0.00	0.00	0.00	0.00
11	1	4.05	23.62	0	0.00	0.00	0.00	0.00
11	1	4.35	23.62	0	0.00	0.00	0.00	0.00
11	1	4.65	23.62	0	0.00	0.00	0.00	0.00
11	1	4.95	23.62	0	0.00	0.00	0.00	0.00
11	1	5.25	23.62	0	0.00	0.00	0.00	0.00
11	1	5.55	23.62	0	0.00	0.00	0.00	0.00
11	1	5.85	23.62	0	0.00	0.00	0.00	0.00
11	1	0.15	32.07	0	0.00	0.00	0.00	0.00
11	1	0.45	32.07	0	0.90	0.10	0.00	0.00
11	1	0.75	32.07	0	0.73	0.27	0.00	0.00
11	1	1.05	32.07	0	0.62	0.38	0.00	0.00
11	1	1.35	32.07	0	0.58	0.41	0.01	0.00
11	1	1.65	32.07	0	0.56	0.41	0.03	0.00
11	1	1.95	32.07	0	0.52	0.40	0.09	0.00
11	1	2.25	32.07	0	0.53	0.33	0.14	0.00
11	1	2.55	32.07	0	0.52	0.27	0.21	0.00
11	1	2.85	32.07	0	0.52	0.22	0.25	0.00
11	1	3.15	32.07	0	0.51	0.19	0.29	0.01
11	1	3.45	32.07	0	0.51	0.16	0.30	0.03
11	1	3.75	32.07	0	0.49	0.14	0.31	0.05
11	1	4.05	32.07	0	0.51	0.12	0.29	0.08
11	1	4.35	32.07	0	0.50	0.11	0.27	0.12
11	1	4.65	32.07	0	0.48	0.09	0.28	0.14
11	1	4.95	32.07	0	0.50	0.08	0.24	0.17
11	1	5.25	32.07	0	0.50	0.07	0.23	0.20
11	1	5.55	32.07	0	0.50	0.06	0.20	0.23
11	1	5.85	32.07	0	0.50	0.06	0.20	0.24
11	1	0.15	40.52	0	0.00	0.00	0.00	0.00
11	1	0.45	40.52	0	0.89	0.11	0.00	0.00
11	1	0.75	40.52	0	0.70	0.30	0.00	0.00
11	1	1.05	40.52	0	0.61	0.39	0.00	0.00
11	1	1.35	40.52	0	0.56	0.43	0.01	0.00
11	1	1.65	40.52	0	0.54	0.41	0.05	0.00
11	1	1.95	40.52	0	0.53	0.35	0.13	0.00
11	1	2.25	40.52	0	0.52	0.28	0.20	0.00
11	1	2.55	40.52	0	0.50	0.24	0.26	0.00
11	1	2.85	40.52	0	0.54	0.19	0.26	0.01
11	1	3.15	40.52	0	0.51	0.17	0.30	0.03
11	1	3.45	40.52	0	0.52	0.14	0.30	0.05
11	1	3.75	40.52	0	0.51	0.12	0.28	0.09
11	1	4.05	40.52	0	0.53	0.09	0.27	0.11
11	1	4.35	40.52	0	0.49	0.09	0.25	0.16
11	1	4.65	40.52	0	0.49	0.09	0.23	0.19
11	1	4.95	40.52	0	0.51	0.07	0.20	0.22
11	1	5.25	40.52	0	0.51	0.07	0.19	0.23
11	1	5.55	40.52	0	0.50	0.05	0.18	0.27
11	1	5.85	40.52	0	0.51	0.05	0.16	0.28
11	1	0.15	48.97	0	0.00	0.00	0.00	0.00
11	1	0.45	48.97	0	0.87	0.13	0.00	0.00
11	1	0.75	48.97	0	0.71	0.29	0.00	0.00
11	1	1.05	48.97	0	0.59	0.41	0.00	0.00
11	1	1.35	48.97	0	0.57	0.41	0.02	0.00
11	1	1.65	48.97	0	0.55	0.39	0.06	0.00
11	1	1.95	48.97	0	0.52	0.32	0.16	0.00
11	1	2.25	48.97	0	0.53	0.25	0.23	0.00
11	1	2.55	48.97	0	0.55	0.18	0.26	0.00
11	1	2.85	48.97	0	0.48	0.17	0.34	0.02
11	1	3.15	48.97	0	0.49	0.13	0.32	0.06
11	1	3.45	48.97	0	0.52	0.11	0.31	0.07
11	1	3.75	48.97	0	0.53	0.09	0.27	0.10
11	1	4.05	48.97	0	0.53	0.08	0.22	0.17
11	1	4.35	48.97	0	0.50	0.08	0.23	0.19
11	1	4.65	48.97	0	0.51	0.07	0.20	0.22
11	1	4.95	48.97	0	0.55	0.06	0.20	0.20
11	1	5.25	48.97	0	0.49	0.06	0.18	0.27
11	1	5.55	48.97	0	0.50	0.07	0.16	0.27
11	1	5.85	48.97	0	0.52	0.03	0.12	0.33
11	1	0.15	57.42	0	0.00	0.00	0.00	0.00
11	1	0.45	57.42	0	0.90	0.10	0.00	0.00
11	1	0.75	57.42	0	0.73	0.27	0.00	0.00
11	1	1.05	57.42	0	0.59	0.41	0.01	0.00
11	1	1.35	57.42	0	0.56	0.41	0.03	0.00
11	1	1.65	57.42	0	0.52	0.37	0.10	0.00
11	1	1.95	57.42	0	0.51	0.30	0.18	0.00
11	1	2.25	57.42	0	0.55	0.23	0.22	0.01
11	1	2.55	57.42	0	0.51	0.17	0.29	0.02
11	1	2.85	57.42	0	0.52	0.16	0.28	0.04
11	1	3.15	57.42	0	0.51	0.13	0.30	0.06
11	1	3.45	57.42	0	0.54	0.12	0.25	0.09
11	1	3.75	57.42	0	0.49	0.11	0.24	0.16
11	1	4.05	57.42	0	0.50	0.10	0.23	0.17
11	1	4.35	57.42	0	0.53	0.06	0.16	0.25
11	1	4.65	57.42	0	0.52	0.05	0.19	0.24
11	1	4.95	57.42	0	0.52	0.07	0.13	0.29
11	1	5.25	57.42	0	0.52	0.05	0.16	0.27
11	1	5.55	57.42	0	0.46	0.03	0.15	0.36
11	1	5.85	57.42	0	0.50	0.05	0.12	0.33
11	1	0.15	65.88	0	0.00	0.00	0.00	0.00
11	1	0.45	65.88	0	0.80	0.20	0.00	0.00
11	1	0.75	65.88	0	0.65	0.35	0.00	0.00
11	1	1.05	65.88	0	0.56	0.43	0.00	0.00
11	1	1.35	65.88	0	0.53	0.43	0.04	0.00
11	1	1.65	65.88	0	0.63	0.26	0.11	0.00
11	1	1.95	65.88	0	0.53	0.27	0.20	0.00
11	1	2.25	65.88	0	0.58	0.18	0.24	0.00
11	1	2.55	65.88	0	0.55	0.17	0.26	0.02
11	1	2.85	65.88	0	0.52	0.14	0.30	0.05
11	1	3.15	65.88	0	0.50	0.11	0.32	0.07
11	1	3.45	65.88	0	0.50	0.10	0.26	0.14
11	1	3.75	65.88	0	0.49	0.10	0.27	0.14
11	1	4.05	65.88	0	0.50	0.07	0.21	0.23
11	1	4.35	65.88	0	0.49	0.05	0.21	0.25
11	1	4.65	65.88	0	0.52	0.04	0.19	0.25
11	1	4.95	65.88	0	0.48	0.05	0.16	0.32
11	1	5.25	65.88	0	0.49	0.05	0.16	0.31
11	1	5.55	65.88	0	0.53	0.03	0.11	0.33
11	1	5.85	65.88	0	0.52	0.03	0.10	0.35
11	1	0.15	74.32	0	0.00	0.00	0.00	0.00
11	1	0.45	74.32	0	0.83	0.17	0.00	0.00
11	1	0.75	74.32	0	0.62	0.38	0.00	0.00
11	1	1.05	74.32	0	0.55	0.45	0.00	0.00
11	1	1.35	74.32	0	0.53	0.42	0.05	0.00
11	1	1.65	74.32	0	0.53	0.34	0.13	0.00
11	1	1.95	74.32	0	0.50	0.24	0.26	0.00
11	1	2.25	74.32	0	0.48	0.23	0.28	0.01
11	1	2.55	74.32	0	0.50	0.17	0.29	0.04
11	1	2.85	74.32	0	0.49	0.13	0.32	0.06
11	1	3.15	74.32	0	0.51	0.11	0.29	0.10
11	1	3.45	74.32	0	0.49	0.09	0.28	0.14
11	1	3.75	74.32	0	0.50	0.08	0.22	0.20
11	1	4.05	74.32	0	0.47	0.05	0.24	0.23
11	1	4.35	74.32	0	0.47	0.06	0.20	0.26
11	1	4.65	74.32	0	0.47	0.06	0.14	0.33
11	1	4.95	74.32	0	0.47	0.04	0.18	0.31
11	1	5.25	74.32	0	0.54	0.04	0.12	0.29
11	1	5.55	74.32	0	0.54	0.03	0.13	0.30
11	1	5.85	74.32	0	0.52	0.03	0.11	0.34
11	1	0.15	82.78	0	0.00	0.00	0.00	0.00
11	1	0.45	82.78	0	0.79	0.21	0.00	0.00
11	1	0.75	82.78	0	0.64	0.36	0.00	0.00
11	1	1.05	82.78	0	0.57	0.42	0.01	0.00
11	1	1.35	82.78	0	0.55	0.41	0.05	0.00
11	1	1.65	82.78	0	0.55	0.30	0.16	0.00
11	1	1.95	82.78	0	0.50	0.26	0.23	0.00
11	1	2.25	82.78	0	0.48	0.23	0.28	0.01
11	1	2.55	82.78	0	0.47	0.17	0.33	0.04
11	1	2.85	82.78	0	0.52	0.14	0.27	0.06
11	1	3.15	82.78	0	0.49	0.11	0.32	0.08
11	1	3.45	82.78	0	0.49	0.10	0.26	0.16
11	1	3.75	82.78	0	0.48	0.08	0.24	0.19
11	1	4.05	82.78	0	0.46	0.08	0.22	0.24
11	1	4.35	82.78	0	0.51	0.08	0.17	0.24
11	1	4.65	82.78	0	0.47	0.04	0.19	0.30
11	1	4.95	82.78	0	0.51	0.06	0.15	0.28
11	1	5.25	82.78	0	0.51	0.04	0.16	0.29
11	1	5.55	82.78	0	0.49	0.03	0.14	0.35
11	1	5.85	82.78	0	0.53	0.03	0.09	0.35
11	1	0.15	91.22	0	0.00	0.00	0.00	0.00
11	1	0.45	91.22	0	0.82	0.18	0.00	0.00
11	1	0.75	91.22	0	0.65	0.35	0.00	0.00
11	1	1.05	91.22	0	0.57	0.42	0.01	0.00
11	1	1.35	91.22	0	0.53	0.41	0.06	0.00
11	1	1.65	91.22	0	0.51	0.34	0.16	0.00
11	1	1.95	91.22	0	0.51	0.28	0.22	0.00
11	1	2.25	91.22	0	0.53	0.20	0.27	0.00
11	1	2.55	91.22	0	0.50	0.17	0.32	0.01
11	1	2.85	91.22	0	0.52	0.11	0.29	0.09
11	1	3.15	91.22	0	0.50	0.11	0.25	0.14
11	1	3.45	91.22	0	0.52	0.09	0.22	0.17
11	1	3.75	91.22	0	0.56	0.06	0.22	0.17
11	1	4.05	91.22	0	0.50	0.07	0.21	0.22
11	1	4.35	91.22	0	0.49	0.05	0.19	0.27
11	1	4.65	91.22	0	0.54	0.05	0.16	0.25
11	1	4.95	91.22	0	0.49	0.05	0.16	0.30
11	1	5.25	91.22	0	0.48	0.04	0.14	0.34
11	1	5.55	91.22	0	0.51	0.03	0.12	0.34
11	1	5.85	91.22	0	0.53	0.03	0.10	0.34
11	1	0.15	99.67	0	0.00	0.00	0.00	0.00
11	1	0.45	99.67	0	0.79	0.21	0.00	0.00
11	1	0.75	99.67	0	0.68	0.32	0.00	0.00
11	1	1.05	99.67	0	0.57	0.42	0.01	0.00
11	1	1.35	99.67	0	0.54	0.41	0.05	0.00
11	1	1.65	99.67	0	0.52	0.33	0.15	0.00
11	1	1.95	99.67	0	0.50	0.27	0.23	0.00
11	1	2.25	99.67	0	0.54	0.18	0.27	0.01
11	1	2.55	99.67	0	0.52	0.17	0.29	0.02
11	1	2.85	99.67	0	0.47	0.13	0.33	0.07
11	1	3.15	99.67	0	0.50	0.12	0.28	0.11
11	1	3.45	99.67	0	0.48	0.09	0.28	0.14
11	1	3.75	99.67	0	0.51	0.08	0.22	0.19
11	1	4.05	99.67	0	0.56	0.06	0.17	0.21
11	1	4.35	99.67	0	0.49	0.05	0.18	0.28
11	1	4.65	99.67	0	0.50	0.05	0.15	0.29
11	1	4.95	99.67	0	0.45	0.05	0.14	0.36
11	1	5.25	99.67	0	0.46	0.03	0.14	0.37
11	1	5.55	99.67	0	0.49	0.04	0.13	0.35
11	1	5.85	99.67	0	0.50	0.03	0.11	0.35
11	1	0.15	108.12	0	0.00	0.00	0.00	0.00
11	1	0.45	108.12	0	0.84	0.16	0.00	0.00
11	1	0.75	108.12	0	0.63	0.37	0.00	0.00
11	1	1.05	108.12	0	0.57	0.42	0.01	0.00
11	1	1.35	108.12	0	0.57	0.37	0.05	0.00
11	1	1.65	108.12	0	0.54	0.35	0.10	0.00
11	1	1.95	108.12	0	0.53	0.26	0.22	0.00
11	1	2.25	108.12	0	0.54	0.21	0.24	0.01
11	1	2.55	108.12	0	0.52	0.17	0.29	0.02
11	1	2.85	108.12	0	0.50	0.14	0.31	0.05
11	1	3.15	108.12	0	0.52	0.13	0.26	0.09
11	1	3.45	108.12	0	0.52	0.09	0.25	0.15
11	1	3.75	108.12	0	0.50	0.08	0.27	0.15
11	1	4.05	108.12	0	0.52	0.07	0.20	0.21
11	1	4.35	108.12	0	0.47	0.04	0.23	0.27
11	1	4.65	108.12	0	0.49	0.05	0.19	0.27
11	1	4.95	108.12	0	0.50	0.03	0.15	0.32
11	1	5.25	108.12	0	0.50	0.04	0.17	0.30
11	1	5.55	108.12	0	0.50	0.04	0.11	0.34
11	1	5.85	108.12	0	0.52	0.03	0.07	0.37
11	1	0.15	116.57	0	0.00	0.00	0.00	0.00
11	1	0.45	116.57	0	0.83	0.17	0.00	0.00
11	1	0.75	116.57	0	0.67	0.33	0.00	0.00
11	1	1.05	116.57	0	0.58	0.41	0.00	0.00
11	1	1.35	116.57	0	0.53	0.42	0.05	0.00
11	1	1.65	116.57	0	0.56	0.35	0.09	0.00
11	1	1.95	116.57	0	0.48	0.32	0.20	0.00
11	1	2.25	116.57	0	0.53	0.23	0.23	0.01
11	1	2.55	116.57	0	0.52	0.16	0.30	0.02
11	1	2.85	116.57	0	0.52	0.14	0.29	0.06
11	1	3.15	116.57	0	0.51	0.12	0.29	0.08
11	1	3.45	116.57	0	0.53	0.09	0.26	0.13
11	1	3.75	116.57	0	0.51	0.09	0.24	0.16
11	1	4.05	116.57	0	0.50	0.07	0.22	0.20
11	1	4.35	116.57	0	0.52	0.05	0.21	0.23
11	1	4.65	116.57	0	0.50	0.05	0.18	0.27
11	1	4.95	116.57	0	0.51	0.04	0.15	0.31
11	1	5.25	116.57	0	0.48	0.04	0.15	0.33
11	1	5.55	116.57	0	0.53	0.03	0.13	0.31
11	1	5.85	116.57	0	0.52	0.02	0.11	0.34
11	1	0.15	125.02	0	0.00	0.00	0.00	0.00
11	1	0.45	125.02	0	0.90	0.10	0.00	0.00
11	1	0.75	125.02	0	0.70	0.30	0.00	0.00
11	1	1.05	125.02	0	0.61	0.39	0.00	0.00
11	1	1.35	125.02	0	0.54	0.42	0.04	0.00
11	1	1.65	125.02	0	0.55	0.34	0.11	0.00
11	1	1.95	125.02	0	0.47	0.33	0.20	0.00
11	1	2.25	125.02	0	0.53	0.26	0.21	0.00
11	1	2.55	125.02	0	0.54	0.17	0.28	0.01
11	1	2.85	125.02	0	0.49	0.16	0.30	0.04
11	1	3.15	125.02	0	0.51	0.13	0.29	0.07
11	1	3.45	125.02	0	0.50	0.12	0.28	0.10
11	1	3.75	125.02	0	0.51	0.10	0.26	0.13
11	1	4.05	125.02	0	0.53	0.08	0.22	0.17
11	1	4.35	125.02	0	0.47	0.09	0.21	0.23
11	1	4.65	125.02	0	0.48	0.06	0.18	0.28
11	1	4.95	125.02	0	0.47	0.05	0.18	0.31
11	1	5.25	125.02	0	0.48	0.06	0.15	0.32
11	1	5.55	125.02	0	0.45	0.05	0.15	0.35
11	1	5.85	125.02	0	0.51	0.05	0.14	0.30
11	1	0.15	133.47	0	0.00	0.00	0.00	0.00
11	1	0.45	133.47	0	0.87	0.13	0.00	0.00
11	1	0.75	133.47	0	0.67	0.33	0.00	0.00
11	1	1.05	133.47	0	0.63	0.37	0.00	0.00
11	1	1.35	133.47	0	0.53	0.46	0.01	0.00
11	1	1.65	133.47	0	0.54	0.37	0.09	0.00
11	1	1.95	133.47	0	0.54	0.31	0.15	0.00
11	1	2.25	133.47	0	0.49	0.28	0.23	0.00
11	1	2.55	133.47	0	0.51	0.19	0.29	0.01
11	1	2.85	133.47	0	0.54	0.15	0.29	0.02
11	1	3.15	133.47	0	0.54	0.13	0.28	0.04
11	1	3.45	133.47	0	0.52	0.10	0.32	0.06
11	1	3.75	133.47	0	0.50	0.12	0.26	0.12
11	1	4.05	133.47	0	0.51	0.07	0.23	0.19
11	1	4.35	133.47	0	0.48	0.07	0.27	0.18
11	1	4.65	133.47	0	0.49	0.05	0.22	0.24
11	1	4.95	133.47	0	0.54	0.06	0.18	0.23
11	1	5.25	133.47	0	0.46	0.06	0.19	0.29
11	1	5.55	133.47	0	0.51	0.04	0.17	0.28
11	1	5.85	133.47	0	0.52	0.04	0.13	0.32
11	1	0.15	141.92	0	0.00	0.00	0.00	0.00
11	1	0.45	141.92	0	0.90	0.10	0.00	0.00
11	1	0.75	141.92	0	0.75	0.25	0.00	0.00
11	1	1.05	141.92	0	0.57	0.43	0.00	0.00
11	1	1.35	141.92	0	0.61	0.39	0.00	0.00
11	1	1.65	141.92	0	0.51	0.45	0.04	0.00
11	1	1.95	141.92	0	0.56	0.37	0.08	0.00
11	1	2.25	141.92	0	0.51	0.32	0.17	0.00
11	1	2.55	141.92	0	0.50	0.29	0.22	0.00
11	1	2.85	141.92	0	0.57	0.20	0.22	0.01
11	1	3.15	141.92	0	0.51	0.17	0.30	0.03
11	1	3.45	141.92	0	0.48	0.16	0.31	0.05
11	1	3.75	141.92	0	0.54	0.14	0.27	0.05
11	1	4.05	141.92	0	0.48	0.10	0.30	0.12
11	1	4.35	141.92	0	0.48	0.10	0.27	0.15
11	1	4.65	141.92	0	0.50	0.09	0.21	0.20
11	1	4.95	141.92	0	0.51	0.06	0.25	0.19
11	1	5.25	141.92	0	0.46	0.09	0.22	0.23
11	1	5.55	141.92	0	0.49	0.06	0.20	0.26
11	1	5.85	141.92	0	0.48	0.05	0.19	0.29
11	1	0.15	150.38	0	0.00	0.00	0.00	0.00
11	1	0.45	150.38	0	0.00	0.00	0.00	0.00
11	1	0.75	150.38	0	0.78	0.22	0.00	0.00
11	1	1.05	150.38	0	0.60	0.40	0.00	0.00
11	1	1.35	150.38	0	0.55	0.45	0.00	0.00
11	1	1.65	150.38	0	0.55	0.43	0.03	0.00
11	1	1.95	150.38	0	0.51	0.41	0.08	0.00
11	1	2.25	150.38	0	0.54	0.32	0.14	0.00
11	1	2.55	150.38	0	0.51	0.29	0.19	0.00
11	1	2.85	150.38	0	0.50	0.25	0.25	0.00
11	1	3.15	150.38	0	0.48	0.21	0.30	0.01
11	1	3.45	150.38	0	0.49	0.19	0.27	0.05
11	1	3.75	150.38	0	0.49	0.17	0.29	0.04
11	1	4.05	150.38	0	0.48	0.12	0.33	0.07
11	1	4.35	150.38	0	0.49	0.10	0.28	0.13
11	1	4.65	150.38	0	0.49	0.11	0.26	0.14
11	1	4.95	150.38	0	0.45	0.09	0.25	0.20
11	1	5.25	150.38	0	0.47	0.08	0.27	0.19
11	1	5.55	150.38	0	0.45	0.07	0.22	0.26
11	1	5.85	150.38	0	0.53	0.07	0.19	0.21
211	1	0.15	6.72	0	0.00	0.00	0.00	0.00
211	1	0.45	6.72	0	0.00	1.00	0.00	0.00
211	1	0.75	6.72	0	0.09	0.91	0.00	0.00
211	1	1.05	6.72	0	0.23	0.77	0.00	0.00
211	1	1.35	6.72	0	0.34	0.66	0.00	0.00
211	1	1.65	6.72	0	0.37	0.63	0.00	0.00
211	1	1.95	6.72	0	0.43	0.56	0.01	0.00
211	1	2.25	6.72	0	0.44	0.53	0.04	0.00
211	1	2.55	6.72	0	0.45	0.47	0.09	0.00
211	1	2.85	6.72	0	0.47	0.40	0.13	0.00
211	1	3.15	6.72	0	0.47	0.35	0.18	0.00
211	1	3.45	6.72	0	0.48	0.30	0.23	0.00
211	1	3.75	6.72	0	0.48	0.25	0.27	0.00
211	1	4.05	6.72	0	0.48	0.22	0.29	0.01
211	1	4.35	6.72	0	0.49	0.19	0.31	0.01
211	1	4.65	6.72	0	0.50	0.17	0.30	0.03
211	1	4.95	6.72	0	0.49	0.15	0.32	0.04
211	1	5.25	6.72	0	0.49	0.14	0.32	0.06
211	1	5.55	6.72	0	0.49	0.12	0.30	0.08
211	1	5.85	6.72	0	0.50	0.11	0.29	0.10
211	1	0.15	15.17	0	0.00	0.00	0.00	0.00
211	1	0.45	15.17	0	0.01	0.99	0.00	0.00
211	1	0.75	15.17	0	0.09	0.91	0.00	0.00
211	1	1.05	15.17	0	0.25	0.75	0.00	0.00
211	1	1.35	15.17	0	0.35	0.65	0.00	0.00
211	1	1.65	15.17	0	0.37	0.63	0.00	0.00
211	1	1.95	15.17	0	0.43	0.56	0.01	0.00
211	1	2.25	15.17	0	0.45	0.51	0.04	0.00
211	1	2.55	15.17	0	0.45	0.47	0.08	0.00
211	1	2.85	15.17	0	0.47	0.40	0.13	0.00
211	1	3.15	15.17	0	0.49	0.34	0.17	0.00
211	1	3.45	15.17	0	0.46	0.31	0.23	0.00
211	1	3.75	15.17	0	0.47	0.26	0.27	0.00
211	1	4.05	15.17	0	0.49	0.23	0.28	0.00
211	1	4.35	15.17	0	0.48	0.20	0.31	0.01
211	1	4.65	15.17	0	0.49	0.17	0.32	0.02
211	1	4.95	15.17	0	0.49	0.15	0.31	0.04
211	1	5.25	15.17	0	0.48	0.14	0.32	0.06
211	1	5.55	15.17	0	0.49	0.13	0.31	0.08
211	1	5.85	15.17	0	0.51	0.12	0.28	0.10
211	1	0.15	23.62	0	0.00	0.00	0.00	0.00
211	1	0.45	23.62	0	0.00	0.00	0.00	0.00
211	1	0.75	23.62	0	0.00	0.00	0.00	0.00
211	1	1.05	23.62	0	0.00	0.00	0.00	0.00
211	1	1.35	23.62	0	0.00	0.00	0.00	0.00
211	1	1.65	23.62	0	0.00	0.00	0.00	0.00
211	1	1.95	23.62	0	0.00	0.00	0.00	0.00
211	1	2.25	23.62	0	0.00	0.00	0.00	0.00
211	1	2.55	23.62	0	0.00	0.00	0.00	0.00
211	1	2.85	23.62	0	0.00	0.00	0.00	0.00
211	1	3.15	23.62	0	0.00	0.00	0.00	0.00
211	1	3.45	23.62	0	0.00	0.00	0.00	0.00
211	1	3.75	23.62	0	0.00	0.00	0.00	0.00
211	1	4.05	23.62	0	0.00	0.00	0.00	0.00
211	1	4.35	23.62	0	0.00	0.00	0.00	0.00
211	1	4.65	23.62	0	0.00	0.00	0.00	0.00
211	1	4.95	23.62	0	0.00	0.00	0.00	0.00
211	1	5.25	23.62	0	0.00	0.00	0.00	0.00
211	1	5.55	23.62	0	0.00	0.00	0.00	0.00
211	1	5.85	23.62	0	0.00	0.00	0.00	0.00
211	1	0.15	32.07	0	0.00	0.00	0.00	0.00
211	1	0.45	32.07	0	0.07	0.93	0.00	0.00
211	1	0.75	32.07	0	0.23	0.77	0.00	0.00
211	1	1.05	32.07	0	0.35	0.65	0.00	0.00
211	1	1.35	32.07	0	0.40	0.59	0.01	0.00
211	1	1.65	32.07	0	0.45	0.50	0.05	0.00
211	1	1.95	32.07	0	0.45	0.43	0.12	0.00
211	1	2.25	32.07	0	0.46	0.35	0.18	0.00
211	1	2.55	32.07	0	0.47	0.28	0.24	0.00
211	1	2.85	32.07	0	0.48	0.23	0.29	0.00
211	1	3.15	32.07	0	0.47	0.20	0.32	0.01
211	1	3.45	32.07	0	0.50	0.16	0.31	0.03
211	1	3.75	32.07	0	0.49	0.15	0.30	0.06
211	1	4.05	32.07	0	0.48	0.13	0.30	0.09
211	1	4.35	32.07	0	0.49	0.10	0.29	0.12
211	1	4.65	32.07	0	0.48	0.10	0.27	0.16
211	1	4.95	32.07	0	0.49	0.09	0.25	0.17
211	1	5.25	32.07	0	0.50	0.07	0.22	0.21
211	1	5.55	32.07	0	0.50	0.07	0.20	0.24
211	1	5.85	32.07	0	0.49	0.06	0.20	0.25
211	1	0.15	40.52	0	0.00	0.00	0.00	0.00
211	1	0.45	40.52	0	0.08	0.92	0.00	0.00
211	1	0.75	40.52	0	0.27	0.73	0.00	0.00
211	1	1.05	40.52	0	0.38	0.62	0.00	0.00
211	1	1.35	40.52	0	0.43	0.54	0.02	0.00
211	1	1.65	40.52	0	0.44	0.48	0.09	0.00
211	1	1.95	40.52	0	0.45	0.38	0.17	0.00
211	1	2.25	40.52	0	0.47	0.30	0.23	0.00
211	1	2.55	40.52	0	0.48	0.25	0.27	0.00
211	1	2.85	40.52	0	0.50	0.19	0.29	0.01
211	1	3.15	40.52	0	0.49	0.16	0.31	0.04
211	1	3.45	40.52	0	0.49	0.14	0.31	0.06
211	1	3.75	40.52	0	0.48	0.12	0.30	0.09
211	1	4.05	40.52	0	0.49	0.10	0.29	0.13
211	1	4.35	40.52	0	0.49	0.08	0.26	0.17
211	1	4.65	40.52	0	0.49	0.08	0.23	0.20
211	1	4.95	40.52	0	0.49	0.06	0.21	0.23
211	1	5.25	40.52	0	0.50	0.07	0.20	0.24
211	1	5.55	40.52	0	0.49	0.06	0.17	0.28
211	1	5.85	40.52	0	0.49	0.05	0.16	0.29
211	1	0.15	48.97	0	0.00	0.00	0.00	0.00
211	1	0.45	48.97	0	0.10	0.90	0.00	0.00
211	1	0.75	48.97	0	0.26	0.74	0.00	0.00
211	1	1.05	48.97	0	0.39	0.61	0.00	0.00
211	1	1.35	48.97	0	0.45	0.51	0.04	0.00
211	1	1.65	48.97	0	0.46	0.45	0.09	0.00
211	1	1.95	48.97	0	0.46	0.34	0.19	0.00
211	1	2.25	48.97	0	0.49	0.24	0.27	0.00
211	1	2.55	48.97	0	0.47	0.22	0.29	0.01
211	1	2.85	48.97	0	0.46	0.19	0.33	0.02
211	1	3.15	48.97	0	0.50	0.13	0.31	0.06
211	1	3.45	48.97	0	0.43	0.13	0.33	0.12
211	1	3.75	48.97	0	0.49	0.11	0.29	0.11
211	1	4.05	48.97	0	0.52	0.08	0.26	0.15
211	1	4.35	48.97	0	0.45	0.10	0.26	0.19
211	1	4.65	48.97	0	0.49	0.07	0.17	0.27
211	1	4.95	48.97	0	0.48	0.06	0.18	0.27
211	1	5.25	48.97	0	0.49	0.06	0.16	0.29
211	1	5.55	48.97	0	0.54	0.05	0.14	0.27
211	1	5.85	48.97	0	0.51	0.04	0.14	0.31
211	1	0.15	57.42	0	0.00	0.00	0.00	0.00
211	1	0.45	57.42	0	0.13	0.87	0.00	0.00
211	1	0.75	57.42	0	0.30	0.70	0.00	0.00
211	1	1.05	57.42	0	0.41	0.59	0.01	0.00
211	1	1.35	57.42	0	0.44	0.50	0.06	0.00
211	1	1.65	57.42	0	0.46	0.39	0.16	0.00
211	1	1.95	57.42	0	0.46	0.32	0.22	0.00
211	1	2.25	57.42	0	0.51	0.22	0.27	0.00
211	1	2.55	57.42	0	0.47	0.23	0.28	0.02
211	1	2.85	57.42	0	0.47	0.16	0.32	0.05
211	1	3.15	57.42	0	0.48	0.11	0.31	0.10
211	1	3.45	57.42	0	0.49	0.11	0.28	0.12
211	1	3.75	57.42	0	0.53	0.08	0.26	0.13
211	1	4.05	57.42	0	0.44	0.09	0.28	0.18
211	1	4.35	57.42	0	0.49	0.05	0.22	0.24
211	1	4.65	57.42	0	0.53	0.06	0.17	0.24
211	1	4.95	57.42	0	0.50	0.05	0.17	0.29
211	1	5.25	57.42	0	0.53	0.04	0.15	0.28
211	1	5.55	57.42	0	0.53	0.04	0.13	0.30
211	1	5.85	57.42	0	0.52	0.03	0.11	0.34
211	1	0.15	65.88	0	0.00	0.00	0.00	0.00
211	1	0.45	65.88	0	0.16	0.84	0.00	0.00
211	1	0.75	65.88	0	0.33	0.67	0.00	0.00
211	1	1.05	65.88	0	0.42	0.56	0.01	0.00
211	1	1.35	65.88	0	0.45	0.49	0.06	0.00
211	1	1.65	65.88	0	0.48	0.36	0.16	0.00
211	1	1.95	65.88	0	0.47	0.28	0.25	0.00
211	1	2.25	65.88	0	0.45	0.24	0.31	0.01
211	1	2.55	65.88	0	0.45	0.17	0.35	0.02
211	1	2.85	65.88	0	0.48	0.15	0.32	0.05
211	1	3.15	65.88	0	0.49	0.12	0.30	0.09
211	1	3.45	65.88	0	0.52	0.09	0.25	0.14
211	1	3.75	65.88	0	0.47	0.09	0.25	0.18
211	1	4.05	65.88	0	0.47	0.08	0.23	0.21
211	1	4.35	65.88	0	0.50	0.06	0.18	0.25
211	1	4.65	65.88	0	0.52	0.05	0.19	0.24
211	1	4.95	65.88	0	0.54	0.05	0.17	0.25
211	1	5.25	65.88	0	0.49	0.04	0.15	0.33
211	1	5.55	65.88	0	0.52	0.04	0.13	0.31
211	1	5.85	65.88	0	0.50	0.03	0.16	0.31
211	1	0.15	74.32	0	0.00	0.00	0.00	0.00
211	1	0.45	74.32	0	0.16	0.84	0.00	0.00
211	1	0.75	74.32	0	0.34	0.66	0.00	0.00
211	1	1.05	74.32	0	0.39	0.59	0.02	0.00
211	1	1.35	74.32	0	0.45	0.44	0.12	0.00
211	1	1.65	74.32	0	0.47	0.37	0.17	0.00
211	1	1.95	74.32	0	0.45	0.29	0.25	0.00
211	1	2.25	74.32	0	0.46	0.22	0.30	0.02
211	1	2.55	74.32	0	0.51	0.15	0.32	0.03
211	1	2.85	74.32	0	0.45	0.13	0.35	0.07
211	1	3.15	74.32	0	0.50	0.13	0.25	0.12
211	1	3.45	74.32	0	0.53	0.09	0.24	0.14
211	1	3.75	74.32	0	0.53	0.08	0.21	0.17
211	1	4.05	74.32	0	0.52	0.06	0.19	0.23
211	1	4.35	74.32	0	0.48	0.05	0.22	0.25
211	1	4.65	74.32	0	0.48	0.05	0.17	0.30
211	1	4.95	74.32	0	0.48	0.05	0.16	0.30
211	1	5.25	74.32	0	0.45	0.04	0.17	0.33
211	1	5.55	74.32	0	0.52	0.03	0.13	0.32
211	1	5.85	74.32	0	0.50	0.03	0.12	0.36
211	1	0.15	82.78	0	0.00	0.00	0.00	0.00
211	1	0.45	82.78	0	0.21	0.79	0.00	0.00
211	1	0.75	82.78	0	0.33	0.67	0.00	0.00
211	1	1.05	82.78	0	0.40	0.58	0.01	0.00
211	1	1.35	82.78	0	0.46	0.45	0.10	0.00
211	1	1.65	82.78	0	0.45	0.38	0.17	0.00
211	1	1.95	82.78	0	0.51	0.25	0.24	0.00
211	1	2.25	82.78	0	0.41	0.26	0.31	0.02
211	1	2.55	82.78	0	0.48	0.17	0.32	0.03
211	1	2.85	82.78	0	0.48	0.14	0.29	0.10
211	1	3.15	82.78	0	0.45	0.11	0.31	0.13
211	1	3.45	82.78	0	0.48	0.08	0.27	0.17
211	1	3.75	82.78	0	0.47	0.08	0.25	0.20
211	1	4.05	82.78	0	0.50	0.06	0.20	0.25
211	1	4.35	82.78	0	0.48	0.06	0.18	0.28
211	1	4.65	82.78	0	0.52	0.06	0.14	0.28
211	1	4.95	82.78	0	0.50	0.04	0.17	0.29
211	1	5.25	82.78	0	0.50	0.03	0.13	0.34
211	1	5.55	82.78	0	0.51	0.03	0.14	0.33
211	1	5.85	82.78	0	0.51	0.03	0.11	0.35
211	1	0.15	91.22	0	0.00	0.00	0.00	0.00
211	1	0.45	91.22	0	0.22	0.78	0.00	0.00
211	1	0.75	91.22	0	0.37	0.63	0.00	0.00
211	1	1.05	91.22	0	0.41	0.57	0.02	0.00
211	1	1.35	91.22	0	0.47	0.46	0.08	0.00
211	1	1.65	91.22	0	0.47	0.36	0.17	0.00
211	1	1.95	91.22	0	0.48	0.27	0.24	0.00
211	1	2.25	91.22	0	0.42	0.24	0.33	0.01
211	1	2.55	91.22	0	0.51	0.15	0.31	0.03
211	1	2.85	91.22	0	0.50	0.11	0.33	0.07
211	1	3.15	91.22	0	0.52	0.10	0.27	0.11
211	1	3.45	91.22	0	0.47	0.11	0.26	0.17
211	1	3.75	91.22	0	0.54	0.06	0.23	0.18
211	1	4.05	91.22	0	0.48	0.08	0.21	0.23
211	1	4.35	91.22	0	0.46	0.06	0.23	0.25
211	1	4.65	91.22	0	0.49	0.05	0.17	0.29
211	1	4.95	91.22	0	0.47	0.05	0.17	0.31
211	1	5.25	91.22	0	0.50	0.06	0.11	0.33
211	1	5.55	91.22	0	0.50	0.04	0.13	0.33
211	1	5.85	91.22	0	0.52	0.02	0.11	0.35
211	1	0.15	99.67	0	0.00	0.00	0.00	0.00
211	1	0.45	99.67	0	0.19	0.81	0.00	0.00
211	1	0.75	99.67	0	0.33	0.67	0.00	0.00
211	1	1.05	99.67	0	0.43	0.56	0.01	0.00
211	1	1.35	99.67	0	0.48	0.42	0.10	0.00
211	1	1.65	99.67	0	0.50	0.32	0.18	0.00
211	1	1.95	99.67	0	0.51	0.25	0.23	0.00
211	1	2.25	99.67	0	0.50	0.20	0.30	0.00
211	1	2.55	99.67	0	0.49	0.19	0.28	0.04
211	1	2.85	99.67	0	0.51	0.12	0.32	0.05
211	1	3.15	99.67	0	0.51	0.10	0.27	0.11
211	1	3.45	99.67	0	0.48	0.09	0.26	0.17
211	1	3.75	99.67	0	0.49	0.10	0.20	0.21
211	1	4.05	99.67	0	0.55	0.06	0.20	0.19
211	1	4.35	99.67	0	0.50	0.05	0.16	0.29
211	1	4.65	99.67	0	0.51	0.05	0.19	0.25
211	1	4.95	99.67	0	0.47	0.05	0.17	0.31
211	1	5.25	99.67	0	0.51	0.04	0.10	0.35
211	1	5.55	99.67	0	0.50	0.04	0.11	0.34
211	1	5.85	99.67	0	0.54	0.04	0.10	0.31
211	1	0.15	108.12	0	0.00	0.00	0.00	0.00
211	1	0.45	108.12	0	0.19	0.81	0.00	0.00
211	1	0.75	108.12	0	0.36	0.64	0.00	0.00
211	1	1.05	108.12	0	0.41	0.58	0.02	0.00
211	1	1.35	108.12	0	0.43	0.48	0.09	0.00
211	1	1.65	108.12	0	0.50	0.34	0.17	0.00
211	1	1.95	108.12	0	0.48	0.26	0.26	0.00
211	1	2.25	108.12	0	0.48	0.22	0.29	0.01
211	1	2.55	108.12	0	0.50	0.14	0.33	0.03
211	1	2.85	108.12	0	0.52	0.14	0.30	0.04
211	1	3.15	108.12	0	0.47	0.12	0.29	0.12
211	1	3.45	108.12	0	0.50	0.09	0.25	0.16
211	1	3.75	108.12	0	0.48	0.08	0.25	0.20
211	1	4.05	108.12	0	0.52	0.06	0.21	0.21
211	1	4.35	108.12	0	0.51	0.06	0.23	0.20
211	1	4.65	108.12	0	0.54	0.05	0.15	0.26
211	1	4.95	108.12	0	0.51	0.04	0.15	0.30
211	1	5.25	108.12	0	0.50	0.04	0.16	0.30
211	1	5.55	108.12	0	0.51	0.02	0.12	0.35
211	1	5.85	108.12	0	0.49	0.04	0.10	0.38
211	1	0.15	116.57	0	0.00	0.00	0.00	0.00
211	1	0.45	116.57	0	0.19	0.81	0.00	0.00
211	1	0.75	116.57	0	0.33	0.67	0.00	0.00
211	1	1.05	116.57	0	0.42	0.57	0.01	0.00
211	1	1.35	116.57	0	0.50	0.45	0.06	0.00
211	1	1.65	116.57	0	0.45	0.37	0.17	0.00
211	1	1.95	116.57	0	0.46	0.32	0.22	0.00
211	1	2.25	116.57	0	0.48	0.23	0.28	0.02
211	1	2.55	116.57	0	0.51	0.20	0.27	0.01
211	1	2.85	116.57	0	0.51	0.13	0.31	0.04
211	1	3.15	116.57	0	0.51	0.13	0.26	0.10
211	1	3.45	116.57	0	0.50	0.07	0.30	0.13
211	1	3.75	116.57	0	0.50	0.08	0.25	0.16
211	1	4.05	116.57	0	0.48	0.08	0.24	0.20
211	1	4.35	116.57	0	0.53	0.06	0.18	0.24
211	1	4.65	116.57	0	0.48	0.04	0.19	0.28
211	1	4.95	116.57	0	0.52	0.05	0.12	0.31
211	1	5.25	116.57	0	0.48	0.05	0.17	0.30
211	1	5.55	116.57	0	0.53	0.03	0.12	0.31
211	1	5.85	116.57	0	0.50	0.05	0.13	0.32
211	1	0.15	125.02	0	0.00	0.00	0.00	0.00
211	1	0.45	125.02	0	0.13	0.87	0.00	0.00
211	1	0.75	125.02	0	0.34	0.66	0.00	0.00
211	1	1.05	125.02	0	0.40	0.59	0.01	0.00
211	1	1.35	125.02	0	0.44	0.51	0.05	0.00
211	1	1.65	125.02	0	0.46	0.40	0.14	0.00
211	1	1.95	125.02	0	0.48	0.30	0.21	0.00
211	1	2.25	125.02	0	0.48	0.26	0.26	0.00
211	1	2.55	125.02	0	0.47	0.21	0.31	0.01
211	1	2.85	125.02	0	0.48	0.14	0.33	0.05
211	1	3.15	125.02	0	0.47	0.15	0.33	0.05
211	1	3.45	125.02	0	0.50	0.08	0.31	0.11
211	1	3.75	125.02	0	0.50	0.12	0.24	0.14
211	1	4.05	125.02	0	0.47	0.07	0.27	0.19
211	1	4.35	125.02	0	0.49	0.06	0.23	0.22
211	1	4.65	125.02	0	0.49	0.07	0.19	0.25
211	1	4.95	125.02	0	0.49	0.05	0.16	0.30
211	1	5.25	125.02	0	0.48	0.06	0.16	0.31
211	1	5.55	125.02	0	0.50	0.03	0.17	0.30
211	1	5.85	125.02	0	0.51	0.03	0.13	0.33
211	1	0.15	133.47	0	0.00	0.00	0.00	0.00
211	1	0.45	133.47	0	0.09	0.91	0.00	0.00
211	1	0.75	133.47	0	0.30	0.70	0.00	0.00
211	1	1.05	133.47	0	0.40	0.60	0.00	0.00
211	1	1.35	133.47	0	0.48	0.49	0.04	0.00
211	1	1.65	133.47	0	0.43	0.47	0.09	0.00
211	1	1.95	133.47	0	0.48	0.34	0.18	0.00
211	1	2.25	133.47	0	0.49	0.25	0.26	0.00
211	1	2.55	133.47	0	0.48	0.22	0.30	0.00
211	1	2.85	133.47	0	0.46	0.21	0.31	0.02
211	1	3.15	133.47	0	0.49	0.13	0.32	0.06
211	1	3.45	133.47	0	0.49	0.13	0.31	0.07
211	1	3.75	133.47	0	0.50	0.10	0.29	0.11
211	1	4.05	133.47	0	0.52	0.09	0.25	0.14
211	1	4.35	133.47	0	0.52	0.08	0.22	0.19
211	1	4.65	133.47	0	0.49	0.08	0.21	0.22
211	1	4.95	133.47	0	0.48	0.07	0.22	0.24
211	1	5.25	133.47	0	0.49	0.06	0.19	0.27
211	1	5.55	133.47	0	0.49	0.04	0.15	0.32
211	1	5.85	133.47	0	0.49	0.05	0.14	0.32
211	1	0.15	141.92	0	0.00	0.00	0.00	0.00
211	1	0.45	141.92	0	0.09	0.91	0.00	0.00
211	1	0.75	141.92	0	0.22	0.78	0.00	0.00
211	1	1.05	141.92	0	0.34	0.66	0.00	0.00
211	1	1.35	141.92	0	0.39	0.59	0.02	0.00
211	1	1.65	141.92	0	0.40	0.52	0.08	0.00
211	1	1.95	141.92	0	0.46	0.38	0.16	0.00
211	1	2.25	141.92	0	0.47	0.29	0.24	0.00
211	1	2.55	141.92	0	0.48	0.26	0.27	0.00
211	1	2.85	141.92	0	0.48	0.22	0.29	0.00
211	1	3.15	141.92	0	0.49	0.18	0.29	0.03
211	1	3.45	141.92	0	0.48	0.15	0.32	0.05
211	1	3.75	141.92	0	0.49	0.12	0.30	0.08
211	1	4.05	141.92	0	0.52	0.11	0.27	0.10
211	1	4.35	141.92	0	0.51	0.10	0.26	0.14
211	1	4.65	141.92	0	0.50	0.06	0.26	0.19
211	1	4.95	141.92	0	0.51	0.07	0.21	0.21
211	1	5.25	141.92	0	0.46	0.07	0.23	0.25
211	1	5.55	141.92	0	0.48	0.06	0.20	0.26
211	1	5.85	141.92	0	0.51	0.05	0.17	0.28
211	1	0.15	150.38	0	0.00	0.00	0.00	0.00
211	1	0.45	150.38	0	0.00	0.00	0.00	0.00
211	1	0.75	150.38	0	0.25	0.75	0.00	0.00
211	1	1.05	150.38	0	0.36	0.64	0.00	0.00
211	1	1.35	150.38	0	0.41	0.59	0.00	0.00
211	1	1.65	150.38	0	0.37	0.59	0.04	0.00
211	1	1.95	150.38	0	0.44	0.44	0.12	0.00
211	1	2.25	150.38	0	0.49	0.38	0.14	0.00
211	1	2.55	150.38	0	0.46	0.31	0.23	0.00
211	1	2.85	150.38	0	0.50	0.25	0.25	0.01
211	1	3.15	150.38	0	0.47	0.21	0.31	0.01
211	1	3.45	150.38	0	0.47	0.17	0.34	0.02
211	1	3.75	150.38	0	0.47	0.14	0.33	0.06
211	1	4.05	150.38	0	0.49	0.11	0.33	0.07
211	1	4.35	150.38	0	0.55	0.09	0.26	0.10
211	1	4.65	150.38	0	0.42	0.12	0.30	0.16
211	1	4.95	150.38	0	0.48	0.09	0.22	0.21
211	1	5.25	150.38	0	0.47	0.09	0.26	0.19
211	1	5.55	150.38	0	0.50	0.09	0.20	0.21
211	1	5.85	150.38	0	0.48	0.07	0.21	0.24
321	1	0.15	6.72	0	0.00	0.00	0.00	0.00
321	1	0.45	6.72	0	0.00	0.00	1.00	0.00
321	1	0.75	6.72	0	0.00	0.00	1.00	0.00
321	1	1.05	6.72	0	0.00	0.00	1.00	0.00
321	1	1.35	6.72	0	0.00	0.00	1.00	0.00
321	1	1.65	6.72	0	0.00	0.00	1.00	0.00
321	1	1.95	6.72	0	0.00	0.01	0.99	0.00
321	1	2.25	6.72	0	0.00	0.04	0.96	0.00
321	1	2.55	6.72	0	0.00	0.09	0.91	0.00
321	1	2.85	6.72	0	0.02	0.12	0.86	0.00
321	1	3.15	6.72	0	0.03	0.15	0.81	0.01
321	1	3.45	6.72	0	0.06	0.17	0.75	0.02
321	1	3.75	6.72	0	0.10	0.18	0.69	0.04
321	1	4.05	6.72	0	0.13	0.17	0.63	0.06
321	1	4.35	6.72	0	0.16	0.16	0.59	0.09
321	1	4.65	6.72	0	0.20	0.15	0.53	0.12
321	1	4.95	6.72	0	0.23	0.14	0.48	0.15
321	1	5.25	6.72	0	0.25	0.13	0.43	0.18
321	1	5.55	6.72	0	0.28	0.11	0.41	0.20
321	1	5.85	6.72	0	0.30	0.11	0.37	0.23
321	1	0.15	15.17	0	0.00	0.00	0.00	0.00
321	1	0.45	15.17	0	0.00	0.00	1.00	0.00
321	1	0.75	15.17	0	0.00	0.00	1.00	0.00
321	1	1.05	15.17	0	0.00	0.00	1.00	0.00
321	1	1.35	15.17	0	0.00	0.00	1.00	0.00
321	1	1.65	15.17	0	0.00	0.00	1.00	0.00
321	1	1.95	15.17	0	0.00	0.01	0.99	0.00
321	1	2.25	15.17	0	0.00	0.04	0.96	0.00
321	1	2.55	15.17	0	0.00	0.09	0.91	0.00
321	1	2.85	15.17	0	0.01	0.12	0.86	0.00
321	1	3.15	15.17	0	0.03	0.15	0.81	0.01
321	1	3.45	15.17	0	0.05	0.16	0.77	0.02
321	1	3.75	15.17	0	0.09	0.17	0.70	0.04
321	1	4.05	15.17	0	0.12	0.16	0.66	0.06
321	1	4.35	15.17	0	0.16	0.16	0.59	0.09
321	1	4.65	15.17	0	0.20	0.16	0.53	0.11
321	1	4.95	15.17	0	0.22	0.14	0.50	0.14
321	1	5.25	15.17	0	0.24	0.13	0.46	0.17
321	1	5.55	15.17	0	0.28	0.12	0.41	0.20
321	1	5.85	15.17	0	0.29	0.11	0.38	0.22
321	1	0.15	23.62	0	0.00	0.00	0.00	0.00
321	1	0.45	23.62	0	0.00	0.00	0.00	0.00
321	1	0.75	23.62	0	0.00	0.00	0.00	0.00
321	1	1.05	23.62	0	0.00	0.00	0.00	0.00
321	1	1.35	23.62	0	0.00	0.00	0.00	0.00
321	1	1.65	23.62	0	0.00	0.00	0.00	0.00
321	1	1.95	23.62	0	0.00	0.00	0.00	0.00
321	1	2.25	23.62	0	0.00	0.00	0.00	0.00
321	1	2.55	23.62	0	0.00	0.00	0.00	0.00
321	1	2.85	23.62	0	0.00	0.00	0.00	0.00
321	1	3.15	23.62	0	0.00	0.00	0.00	0.00
321	1	3.45	23.62	0	0.00	0.00	0.00	0.00
321	1	3.75	23.62	0	0.00	0.00	0.00	0.00
321	1	4.05	23.62	0	0.00	0.00	0.00	0.00
321	1	4.35	23.62	0	0.00	0.00	0.00	0.00
321	1	4.65	23.62	0	0.00	0.00	0.00	0.00
321	1	4.95	23.62	0	0.00	0.00	0.00	0.00
321	1	5.25	23.62	0	0.00	0.00	0.00	0.00
321	1	5.55	23.62	0	0.00	0.00	0.00	0.00
321	1	5.85	23.62	0	0.00	0.00	0.00	0.00
321	1	0.15	32.07	0	0.00	0.00	0.00	0.00
321	1	0.45	32.07	0	0.00	0.00	1.00	0.00
321	1	0.75	32.07	0	0.00	0.00	1.00	0.00
321	1	1.05	32.07	0	0.00	0.00	1.00	0.00
321	1	1.35	32.07	0	0.00	0.01	0.99	0.00
321	1	1.65	32.07	0	0.00	0.05	0.95	0.00
321	1	1.95	32.07	0	0.01	0.11	0.89	0.00
321	1	2.25	32.07	0	0.03	0.15	0.82	0.01
321	1	2.55	32.07	0	0.07	0.16	0.75	0.02
321	1	2.85	32.07	0	0.11	0.17	0.66	0.06
321	1	3.15	32.07	0	0.16	0.15	0.59	0.10
321	1	3.45	32.07	0	0.21	0.14	0.51	0.14
321	1	3.75	32.07	0	0.24	0.13	0.45	0.17
321	1	4.05	32.07	0	0.27	0.11	0.41	0.21
321	1	4.35	32.07	0	0.30	0.10	0.35	0.25
321	1	4.65	32.07	0	0.31	0.09	0.32	0.28
321	1	4.95	32.07	0	0.34	0.08	0.28	0.30
321	1	5.25	32.07	0	0.36	0.07	0.25	0.31
321	1	5.55	32.07	0	0.37	0.07	0.22	0.33
321	1	5.85	32.07	0	0.39	0.06	0.22	0.34
321	1	0.15	40.52	0	0.00	0.00	0.00	0.00
321	1	0.45	40.52	0	0.00	0.00	1.00	0.00
321	1	0.75	40.52	0	0.00	0.00	1.00	0.00
321	1	1.05	40.52	0	0.00	0.00	1.00	0.00
321	1	1.35	40.52	0	0.00	0.02	0.98	0.00
321	1	1.65	40.52	0	0.00	0.08	0.92	0.00
321	1	1.95	40.52	0	0.02	0.14	0.83	0.01
321	1	2.25	40.52	0	0.06	0.16	0.76	0.02
321	1	2.55	40.52	0	0.11	0.16	0.67	0.06
321	1	2.85	40.52	0	0.16	0.16	0.58	0.10
321	1	3.15	40.52	0	0.21	0.13	0.52	0.14
321	1	3.45	40.52	0	0.24	0.12	0.45	0.18
321	1	3.75	40.52	0	0.28	0.11	0.39	0.23
321	1	4.05	40.52	0	0.31	0.10	0.34	0.24
321	1	4.35	40.52	0	0.34	0.09	0.28	0.28
321	1	4.65	40.52	0	0.36	0.07	0.25	0.31
321	1	4.95	40.52	0	0.37	0.07	0.23	0.33
321	1	5.25	40.52	0	0.39	0.06	0.21	0.35
321	1	5.55	40.52	0	0.39	0.05	0.19	0.37
321	1	5.85	40.52	0	0.41	0.05	0.17	0.37
321	1	0.15	48.97	0	0.00	0.00	0.00	0.00
321	1	0.45	48.97	0	0.00	0.00	1.00	0.00
321	1	0.75	48.97	0	0.00	0.00	1.00	0.00
321	1	1.05	48.97	0	0.00	0.00	1.00	0.00
321	1	1.35	48.97	0	0.00	0.03	0.97	0.00
321	1	1.65	48.97	0	0.00	0.11	0.89	0.00
321	1	1.95	48.97	0	0.02	0.12	0.85	0.01
321	1	2.25	48.97	0	0.07	0.17	0.73	0.03
321	1	2.55	48.97	0	0.17	0.16	0.58	0.09
321	1	2.85	48.97	0	0.24	0.15	0.49	0.12
321	1	3.15	48.97	0	0.27	0.12	0.48	0.14
321	1	3.45	48.97	0	0.29	0.10	0.40	0.21
321	1	3.75	48.97	0	0.31	0.10	0.34	0.25
321	1	4.05	48.97	0	0.33	0.08	0.32	0.27
321	1	4.35	48.97	0	0.35	0.06	0.27	0.32
321	1	4.65	48.97	0	0.39	0.06	0.22	0.33
321	1	4.95	48.97	0	0.43	0.05	0.18	0.33
321	1	5.25	48.97	0	0.37	0.06	0.18	0.39
321	1	5.55	48.97	0	0.41	0.04	0.18	0.37
321	1	5.85	48.97	0	0.44	0.04	0.14	0.39
321	1	0.15	57.42	0	0.00	0.00	0.00	0.00
321	1	0.45	57.42	0	0.00	0.00	1.00	0.00
321	1	0.75	57.42	0	0.00	0.00	1.00	0.00
321	1	1.05	57.42	0	0.00	0.01	0.99	0.00
321	1	1.35	57.42	0	0.00	0.05	0.94	0.00
321	1	1.65	57.42	0	0.01	0.12	0.86	0.00
321	1	1.95	57.42	0	0.05	0.18	0.76	0.01
321	1	2.25	57.42	0	0.12	0.19	0.65	0.04
321	1	2.55	57.42	0	0.16	0.15	0.57	0.11
321	1	2.85	57.42	0	0.23	0.11	0.50	0.16
321	1	3.15	57.42	0	0.27	0.12	0.42	0.20
321	1	3.45	57.42	0	0.32	0.10	0.34	0.25
321	1	3.75	57.42	0	0.36	0.07	0.28	0.30
321	1	4.05	57.42	0	0.36	0.06	0.26	0.31
321	1	4.35	57.42	0	0.40	0.05	0.23	0.31
321	1	4.65	57.42	0	0.37	0.06	0.21	0.36
321	1	4.95	57.42	0	0.39	0.05	0.18	0.38
321	1	5.25	57.42	0	0.43	0.07	0.14	0.37
321	1	5.55	57.42	0	0.43	0.03	0.14	0.40
321	1	5.85	57.42	0	0.47	0.03	0.10	0.40
321	1	0.15	65.88	0	0.00	0.00	0.00	0.00
321	1	0.45	65.88	0	0.00	0.00	1.00	0.00
321	1	0.75	65.88	0	0.00	0.00	1.00	0.00
321	1	1.05	65.88	0	0.00	0.01	0.99	0.00
321	1	1.35	65.88	0	0.00	0.07	0.93	0.00
321	1	1.65	65.88	0	0.02	0.17	0.81	0.00
321	1	1.95	65.88	0	0.09	0.18	0.70	0.03
321	1	2.25	65.88	0	0.13	0.13	0.65	0.10
321	1	2.55	65.88	0	0.18	0.14	0.58	0.11
321	1	2.85	65.88	0	0.23	0.09	0.50	0.18
321	1	3.15	65.88	0	0.25	0.14	0.36	0.24
321	1	3.45	65.88	0	0.31	0.09	0.33	0.26
321	1	3.75	65.88	0	0.33	0.07	0.30	0.29
321	1	4.05	65.88	0	0.37	0.05	0.24	0.34
321	1	4.35	65.88	0	0.37	0.05	0.20	0.37
321	1	4.65	65.88	0	0.41	0.06	0.20	0.33
321	1	4.95	65.88	0	0.40	0.06	0.17	0.37
321	1	5.25	65.88	0	0.40	0.05	0.15	0.40
321	1	5.55	65.88	0	0.44	0.04	0.14	0.38
321	1	5.85	65.88	0	0.43	0.04	0.15	0.38
321	1	0.15	74.32	0	0.00	0.00	0.00	0.00
321	1	0.45	74.32	0	0.00	0.00	1.00	0.00
321	1	0.75	74.32	0	0.00	0.00	1.00	0.00
321	1	1.05	74.32	0	0.00	0.03	0.97	0.00
321	1	1.35	74.32	0	0.01	0.08	0.92	0.00
321	1	1.65	74.32	0	0.01	0.14	0.85	0.00
321	1	1.95	74.32	0	0.09	0.16	0.72	0.02
321	1	2.25	74.32	0	0.13	0.15	0.63	0.09
321	1	2.55	74.32	0	0.22	0.13	0.50	0.15
321	1	2.85	74.32	0	0.27	0.13	0.43	0.16
321	1	3.15	74.32	0	0.29	0.10	0.40	0.21
321	1	3.45	74.32	0	0.33	0.10	0.29	0.28
321	1	3.75	74.32	0	0.34	0.07	0.28	0.31
321	1	4.05	74.32	0	0.37	0.06	0.21	0.35
321	1	4.35	74.32	0	0.40	0.07	0.19	0.34
321	1	4.65	74.32	0	0.37	0.06	0.19	0.37
321	1	4.95	74.32	0	0.39	0.04	0.18	0.40
321	1	5.25	74.32	0	0.42	0.04	0.17	0.36
321	1	5.55	74.32	0	0.42	0.03	0.15	0.40
321	1	5.85	74.32	0	0.42	0.02	0.11	0.44
321	1	0.15	82.78	0	0.00	0.00	0.00	0.00
321	1	0.45	82.78	0	0.00	0.00	1.00	0.00
321	1	0.75	82.78	0	0.00	0.00	1.00	0.00
321	1	1.05	82.78	0	0.00	0.01	0.99	0.00
321	1	1.35	82.78	0	0.00	0.10	0.89	0.00
321	1	1.65	82.78	0	0.02	0.15	0.82	0.01
321	1	1.95	82.78	0	0.08	0.19	0.70	0.02
321	1	2.25	82.78	0	0.15	0.17	0.60	0.08
321	1	2.55	82.78	0	0.21	0.15	0.50	0.14
321	1	2.85	82.78	0	0.28	0.12	0.42	0.18
321	1	3.15	82.78	0	0.33	0.11	0.35	0.22
321	1	3.45	82.78	0	0.34	0.08	0.29	0.29
321	1	3.75	82.78	0	0.34	0.06	0.27	0.32
321	1	4.05	82.78	0	0.40	0.07	0.21	0.31
321	1	4.35	82.78	0	0.44	0.06	0.18	0.32
321	1	4.65	82.78	0	0.44	0.05	0.16	0.36
321	1	4.95	82.78	0	0.38	0.04	0.17	0.41
321	1	5.25	82.78	0	0.42	0.03	0.17	0.38
321	1	5.55	82.78	0	0.44	0.03	0.13	0.39
321	1	5.85	82.78	0	0.43	0.03	0.10	0.44
321	1	0.15	91.22	0	0.00	0.00	0.00	0.00
321	1	0.45	91.22	0	0.00	0.00	1.00	0.00
321	1	0.75	91.22	0	0.00	0.00	1.00	0.00
321	1	1.05	91.22	0	0.00	0.03	0.97	0.00
321	1	1.35	91.22	0	0.01	0.08	0.91	0.00
321	1	1.65	91.22	0	0.05	0.17	0.77	0.00
321	1	1.95	91.22	0	0.09	0.20	0.68	0.03
321	1	2.25	91.22	0	0.16	0.15	0.59	0.10
321	1	2.55	91.22	0	0.22	0.17	0.48	0.13
321	1	2.85	91.22	0	0.25	0.12	0.40	0.22
321	1	3.15	91.22	0	0.26	0.11	0.38	0.24
321	1	3.45	91.22	0	0.37	0.08	0.29	0.27
321	1	3.75	91.22	0	0.37	0.07	0.26	0.29
321	1	4.05	91.22	0	0.36	0.04	0.23	0.36
321	1	4.35	91.22	0	0.42	0.05	0.15	0.39
321	1	4.65	91.22	0	0.41	0.05	0.18	0.36
321	1	4.95	91.22	0	0.40	0.05	0.15	0.39
321	1	5.25	91.22	0	0.43	0.03	0.14	0.39
321	1	5.55	91.22	0	0.43	0.03	0.12	0.41
321	1	5.85	91.22	0	0.43	0.04	0.11	0.42
321	1	0.15	99.67	0	0.00	0.00	0.00	0.00
321	1	0.45	99.67	0	0.00	0.00	1.00	0.00
321	1	0.75	99.67	0	0.00	0.00	1.00	0.00
321	1	1.05	99.67	0	0.00	0.02	0.98	0.00
321	1	1.35	99.67	0	0.00	0.07	0.93	0.00
321	1	1.65	99.67	0	0.02	0.18	0.79	0.01
321	1	1.95	99.67	0	0.09	0.19	0.69	0.04
321	1	2.25	99.67	0	0.14	0.17	0.58	0.11
321	1	2.55	99.67	0	0.22	0.14	0.50	0.14
321	1	2.85	99.67	0	0.28	0.11	0.41	0.20
321	1	3.15	99.67	0	0.30	0.10	0.34	0.26
321	1	3.45	99.67	0	0.37	0.08	0.27	0.27
321	1	3.75	99.67	0	0.34	0.07	0.30	0.28
321	1	4.05	99.67	0	0.35	0.06	0.22	0.36
321	1	4.35	99.67	0	0.40	0.04	0.21	0.35
321	1	4.65	99.67	0	0.41	0.05	0.19	0.35
321	1	4.95	99.67	0	0.44	0.05	0.13	0.38
321	1	5.25	99.67	0	0.40	0.03	0.14	0.43
321	1	5.55	99.67	0	0.42	0.02	0.15	0.41
321	1	5.85	99.67	0	0.43	0.04	0.11	0.41
321	1	0.15	108.12	0	0.00	0.00	0.00	0.00
321	1	0.45	108.12	0	0.00	0.00	1.00	0.00
321	1	0.75	108.12	0	0.00	0.00	1.00	0.00
321	1	1.05	108.12	0	0.00	0.01	0.99	0.00
321	1	1.35	108.12	0	0.00	0.07	0.92	0.00
321	1	1.65	108.12	0	0.02	0.12	0.86	0.01
321	1	1.95	108.12	0	0.08	0.20	0.70	0.03
321	1	2.25	108.12	0	0.15	0.18	0.61	0.05
321	1	2.55	108.12	0	0.21	0.15	0.53	0.11
321	1	2.85	108.12	0	0.24	0.10	0.44	0.22
321	1	3.15	108.12	0	0.34	0.11	0.34	0.22
321	1	3.45	108.12	0	0.34	0.09	0.31	0.26
321	1	3.75	108.12	0	0.34	0.07	0.28	0.30
321	1	4.05	108.12	0	0.33	0.08	0.26	0.33
321	1	4.35	108.12	0	0.36	0.07	0.20	0.37
321	1	4.65	108.12	0	0.42	0.04	0.18	0.36
321	1	4.95	108.12	0	0.42	0.05	0.14	0.38
321	1	5.25	108.12	0	0.44	0.05	0.14	0.37
321	1	5.55	108.12	0	0.44	0.04	0.11	0.40
321	1	5.85	108.12	0	0.45	0.04	0.11	0.39
321	1	0.15	116.57	0	0.00	0.00	0.00	0.00
321	1	0.45	116.57	0	0.00	0.00	1.00	0.00
321	1	0.75	116.57	0	0.00	0.00	1.00	0.00
321	1	1.05	116.57	0	0.00	0.01	0.99	0.00
321	1	1.35	116.57	0	0.00	0.08	0.92	0.00
321	1	1.65	116.57	0	0.02	0.16	0.82	0.00
321	1	1.95	116.57	0	0.07	0.18	0.73	0.02
321	1	2.25	116.57	0	0.14	0.17	0.64	0.05
321	1	2.55	116.57	0	0.17	0.15	0.55	0.14
321	1	2.85	116.57	0	0.21	0.12	0.47	0.20
321	1	3.15	116.57	0	0.26	0.10	0.39	0.25
321	1	3.45	116.57	0	0.32	0.10	0.37	0.22
321	1	3.75	116.57	0	0.32	0.08	0.31	0.29
321	1	4.05	116.57	0	0.36	0.07	0.24	0.33
321	1	4.35	116.57	0	0.37	0.07	0.23	0.33
321	1	4.65	116.57	0	0.40	0.03	0.18	0.38
321	1	4.95	116.57	0	0.40	0.05	0.17	0.38
321	1	5.25	116.57	0	0.43	0.04	0.16	0.38
321	1	5.55	116.57	0	0.43	0.03	0.14	0.40
321	1	5.85	116.57	0	0.42	0.04	0.11	0.43
321	1	0.15	125.02	0	0.00	0.00	0.00	0.00
321	1	0.45	125.02	0	0.00	0.00	1.00	0.00
321	1	0.75	125.02	0	0.00	0.00	1.00	0.00
321	1	1.05	125.02	0	0.00	0.01	0.99	0.00
321	1	1.35	125.02	0	0.00	0.04	0.96	0.00
321	1	1.65	125.02	0	0.01	0.10	0.89	0.00
321	1	1.95	125.02	0	0.07	0.13	0.78	0.01
321	1	2.25	125.02	0	0.09	0.16	0.69	0.06
321	1	2.55	125.02	0	0.19	0.15	0.56	0.10
321	1	2.85	125.02	0	0.21	0.16	0.47	0.16
321	1	3.15	125.02	0	0.26	0.11	0.43	0.21
321	1	3.45	125.02	0	0.34	0.10	0.32	0.24
321	1	3.75	125.02	0	0.32	0.08	0.33	0.27
321	1	4.05	125.02	0	0.35	0.08	0.28	0.29
321	1	4.35	125.02	0	0.37	0.07	0.22	0.34
321	1	4.65	125.02	0	0.37	0.06	0.22	0.34
321	1	4.95	125.02	0	0.41	0.05	0.20	0.34
321	1	5.25	125.02	0	0.41	0.04	0.15	0.40
321	1	5.55	125.02	0	0.44	0.05	0.13	0.38
321	1	5.85	125.02	0	0.41	0.04	0.14	0.40
321	1	0.15	133.47	0	0.00	0.00	0.00	0.00
321	1	0.45	133.47	0	0.00	0.00	1.00	0.00
321	1	0.75	133.47	0	0.00	0.00	1.00	0.00
321	1	1.05	133.47	0	0.00	0.00	1.00	0.00
321	1	1.35	133.47	0	0.00	0.04	0.96	0.00
321	1	1.65	133.47	0	0.01	0.10	0.89	0.00
321	1	1.95	133.47	0	0.02	0.16	0.82	0.00
321	1	2.25	133.47	0	0.10	0.14	0.73	0.03
321	1	2.55	133.47	0	0.15	0.17	0.62	0.06
321	1	2.85	133.47	0	0.20	0.16	0.52	0.11
321	1	3.15	133.47	0	0.23	0.13	0.47	0.17
321	1	3.45	133.47	0	0.27	0.12	0.42	0.19
321	1	3.75	133.47	0	0.34	0.08	0.34	0.24
321	1	4.05	133.47	0	0.33	0.10	0.34	0.24
321	1	4.35	133.47	0	0.38	0.07	0.25	0.29
321	1	4.65	133.47	0	0.37	0.07	0.24	0.32
321	1	4.95	133.47	0	0.36	0.05	0.22	0.37
321	1	5.25	133.47	0	0.39	0.06	0.19	0.35
321	1	5.55	133.47	0	0.38	0.07	0.19	0.35
321	1	5.85	133.47	0	0.40	0.04	0.15	0.40
321	1	0.15	141.92	0	0.00	0.00	0.00	0.00
321	1	0.45	141.92	0	0.00	0.00	1.00	0.00
321	1	0.75	141.92	0	0.00	0.00	1.00	0.00
321	1	1.05	141.92	0	0.00	0.00	1.00	0.00
321	1	1.35	141.92	0	0.00	0.03	0.97	0.00
321	1	1.65	141.92	0	0.00	0.07	0.93	0.00
321	1	1.95	141.92	0	0.02	0.12	0.86	0.00
321	1	2.25	141.92	0	0.05	0.17	0.76	0.02
321	1	2.55	141.92	0	0.09	0.16	0.69	0.06
321	1	2.85	141.92	0	0.16	0.16	0.61	0.07
321	1	3.15	141.92	0	0.20	0.14	0.52	0.15
321	1	3.45	141.92	0	0.27	0.11	0.45	0.17
321	1	3.75	141.92	0	0.27	0.11	0.41	0.21
321	1	4.05	141.92	0	0.28	0.11	0.37	0.24
321	1	4.35	141.92	0	0.32	0.10	0.32	0.26
321	1	4.65	141.92	0	0.36	0.06	0.28	0.30
321	1	4.95	141.92	0	0.36	0.06	0.25	0.33
321	1	5.25	141.92	0	0.35	0.05	0.25	0.35
321	1	5.55	141.92	0	0.40	0.08	0.18	0.34
321	1	5.85	141.92	0	0.43	0.04	0.16	0.36
321	1	0.15	150.38	0	0.00	0.00	0.00	0.00
321	1	0.45	150.38	0	0.00	0.00	0.00	0.00
321	1	0.75	150.38	0	0.00	0.00	1.00	0.00
321	1	1.05	150.38	0	0.00	0.00	1.00	0.00
321	1	1.35	150.38	0	0.00	0.02	0.98	0.00
321	1	1.65	150.38	0	0.00	0.06	0.94	0.00
321	1	1.95	150.38	0	0.02	0.09	0.89	0.00
321	1	2.25	150.38	0	0.04	0.13	0.82	0.01
321	1	2.55	150.38	0	0.08	0.18	0.72	0.02
321	1	2.85	150.38	0	0.11	0.12	0.71	0.05
321	1	3.15	150.38	0	0.13	0.17	0.60	0.10
321	1	3.45	150.38	0	0.19	0.14	0.52	0.14
321	1	3.75	150.38	0	0.20	0.12	0.49	0.19
321	1	4.05	150.38	0	0.22	0.11	0.45	0.22
321	1	4.35	150.38	0	0.25	0.07	0.42	0.26
321	1	4.65	150.38	0	0.30	0.08	0.37	0.26
321	1	4.95	150.38	0	0.31	0.11	0.31	0.27
321	1	5.25	150.38	0	0.36	0.09	0.28	0.27
321	1	5.55	150.38	0	0.36	0.07	0.24	0.33
321	1	5.85	150.38	0	0.39	0.04	0.20	0.37
2212	1	0.15	6.72	0	0.00	0.00	0.00	0.00
2212	1	0.45	6.72	0	0.00	0.00	0.00	1.00
2212	1	0.75	6.72	0	0.00	0.00	0.00	1.00
2212	1	1.05	6.72	0	0.00	0.00	0.00	1.00
2212	1	1.35	6.72	0	0.00	0.00	0.00	1.00
2212	1	1.65	6.72	0	0.00	0.00	0.00	1.00
2212	1	1.95	6.72	0	0.00	0.00	0.00	1.00
2212	1	2.25	6.72	0	0.00	0.00	0.00	1.00
2212	1	2.55	6.72	0	0.00	0.00	0.00	1.00
2212	1	2.85	6.72	0	0.00	0.00	0.00	1.00
2212	1	3.15	6.72	0	0.00	0.00	0.01	0.99
2212	1	3.45	6.72	0	0.00	0.00	0.02	0.98
2212	1	3.75	6.72	0	0.00	0.00	0.04	0.96
2212	1	4.05	6.72	0	0.00	0.00	0.07	0.93
2212	1	4.35	6.72	0	0.00	0.00	0.09	0.91
2212	1	4.65	6.72	0	0.00	0.00	0.12	0.87
2212	1	4.95	6.72	0	0.00	0.01	0.15	0.84
2212	1	5.25	6.72	0	0.01	0.01	0.17	0.82
2212	1	5.55	6.72	0	0.01	0.01	0.18	0.79
2212	1	5.85	6.72	0	0.02	0.02	0.19	0.76
2212	1	0.15	15.17	0	0.00	0.00	0.00	0.00
2212	1	0.45	15.17	0	0.00	0.00	0.00	1.00
2212	1	0.75	15.17	0	0.00	0.00	0.00	1.00
2212	1	1.05	15.17	0	0.00	0.00	0.00	1.00
2212	1	1.35	15.17	0	0.00	0.00	0.00	1.00
2212	1	1.65	15.17	0	0.00	0.00	0.00	1.00
2212	1	1.95	15.17	0	0.00	0.00	0.00	1.00
2212	1	2.25	15.17	0	0.00	0.00	0.00	1.00
2212	1	2.55	15.17	0	0.00	0.00	0.00	1.00
2212	1	2.85	15.17	0	0.00	0.00	0.00	1.00
2212	1	3.15	15.17	0	0.00	0.00	0.01	0.99
2212	1	3.45	15.17	0	0.00	0.00	0.02	0.98
2212	1	3.75	15.17	0	0.00	0.00	0.03	0.97
2212	1	4.05	15.17	0	0.00	0.00	0.06	0.94
2212	1	4.35	15.17	0	0.00	0.00	0.08	0.91
2212	1	4.65	15.17	0	0.00	0.00	0.11	0.88
2212	1	4.95	15.17	0	0.00	0.01	0.15	0.84
2212	1	5.25	15.17	0	0.00	0.01	0.17	0.82
2212	1	5.55	15.17	0	0.01	0.01	0.18	0.80
2212	1	5.85	15.17	0	0.02	0.02	0.18	0.78
2212	1	0.15	23.62	0	0.00	0.00	0.00	0.00
2212	1	0.45	23.62	0	0.00	0.00	0.00	0.00
2212	1	0.75	23.62	0	0.00	0.00	0.00	0.00
2212	1	1.05	23.62	0	0.00	0.00	0.00	0.00
2212	1	1.35	23.62	0	0.00	0.00	0.00	0.00
2212	1	1.65	23.62	0	0.00	0.00	0.00	0.00
2212	1	1.95	23.62	0	0.00	0.00	0.00	0.00
2212	1	2.25	23.62	0	0.00	0.00	0.00	0.00
2212	1	2.55	23.62	0	0.00	0.00	0.00	0.00
2212	1	2.85	23.62	0	0.00	0.00	0.00	0.00
2212	1	3.15	23.62	0	0.00	0.00	0.00	0.00
2212	1	3.45	23.62	0	0.00	0.00	0.00	0.00
2212	1	3.75	23.62	0	0.00	0.00	0.00	0.00
2212	1	4.05	23.62	0	0.00	0.00	0.00	0.00
2212	1	4.35	23.62	0	0.00	0.00	0.00	0.00
2212	1	4.65	23.62	0	0.00	0.00	0.00	0.00
2212	1	4.95	23.62	0	0.00	0.00	0.00	0.00
2212	1	5.25	23.62	0	0.00	0.00	0.00	0.00
2212	1	5.55	23.62	0	0.00	0.00	0.00	0.00
2212	1	5.85	23.62	0	0.00	0.00	0.00	0.00
2212	1	0.15	32.07	0	0.00	0.00	0.00	0.00
2212	1	0.45	32.07	0	0.00	0.00	0.00	1.00
2212	1	0.75	32.07	0	0.00	0.00	0.00	1.00
2212	1	1.05	32.07	0	0.00	0.00	0.00	1.00
2212	1	1.35	32.07	0	0.00	0.00	0.00	1.00
2212	1	1.65	32.07	0	0.00	0.00	0.00	1.00
2212	1	1.95	32.07	0	0.00	0.00	0.00	1.00
2212	1	2.25	32.07	0	0.00	0.00	0.01	0.99
2212	1	2.55	32.07	0	0.00	0.00	0.03	0.97
2212	1	2.85	32.07	0	0.00	0.00	0.06	0.94
2212	1	3.15	32.07	0	0.00	0.00	0.09	0.90
2212	1	3.45	32.07	0	0.00	0.00	0.13	0.86
2212	1	3.75	32.07	0	0.01	0.01	0.16	0.83
2212	1	4.05	32.07	0	0.02	0.01	0.17	0.80
2212	1	4.35	32.07	0	0.03	0.02	0.19	0.76
2212	1	4.65	32.07	0	0.05	0.03	0.19	0.74
2212	1	4.95	32.07	0	0.07	0.03	0.20	0.71
2212	1	5.25	32.07	0	0.10	0.03	0.19	0.69
2212	1	5.55	32.07	0	0.12	0.04	0.18	0.66
2212	1	5.85	32.07	0	0.14	0.03	0.17	0.66
2212	1	0.15	40.52	0	0.00	0.00	0.00	0.00
2212	1	0.45	40.52	0	0.00	0.00	0.00	1.00
2212	1	0.75	40.52	0	0.00	0.00	0.00	1.00
2212	1	1.05	40.52	0	0.00	0.00	0.00	1.00
2212	1	1.35	40.52	0	0.00	0.00	0.00	1.00
2212	1	1.65	40.52	0	0.00	0.00	0.00	1.00
2212	1	1.95	40.52	0	0.00	0.00	0.00	1.00
2212	1	2.25	40.52	0	0.00	0.00	0.02	0.98
2212	1	2.55	40.52	0	0.00	0.00	0.06	0.94
2212	1	2.85	40.52	0	0.00	0.00	0.09	0.90
2212	1	3.15	40.52	0	0.00	0.00	0.13	0.86
2212	1	3.45	40.52	0	0.01	0.01	0.16	0.82
2212	1	3.75	40.52	0	0.02	0.02	0.18	0.78
2212	1	4.05	40.52	0	0.03	0.03	0.19	0.75
2212	1	4.35	40.52	0	0.06	0.03	0.19	0.71
2212	1	4.65	40.52	0	0.09	0.03	0.18	0.69
2212	1	4.95	40.52	0	0.11	0.03	0.17	0.68
2212	1	5.25	40.52	0	0.14	0.04	0.17	0.65
2212	1	5.55	40.52	0	0.16	0.03	0.15	0.65
2212	1	5.85	40.52	0	0.19	0.04	0.15	0.63
2212	1	0.15	48.97	0	0.00	0.00	0.00	0.00
2212	1	0.45	48.97	0	0.00	0.00	0.00	1.00
2212	1	0.75	48.97	0	0.00	0.00	0.00	1.00
2212	1	1.05	48.97	0	0.00	0.00	0.00	1.00
2212	1	1.35	48.97	0	0.00	0.00	0.00	1.00
2212	1	1.65	48.97	0	0.00	0.00	0.00	1.00
2212	1	1.95	48.97	0	0.00	0.00	0.01	0.99
2212	1	2.25	48.97	0	0.00	0.00	0.04	0.96
2212	1	2.55	48.97	0	0.00	0.00	0.09	0.91
2212	1	2.85	48.97	0	0.00	0.00	0.13	0.87
2212	1	3.15	48.97	0	0.00	0.01	0.14	0.85
2212	1	3.45	48.97	0	0.00	0.01	0.16	0.82
2212	1	3.75	48.97	0	0.04	0.02	0.20	0.74
2212	1	4.05	48.97	0	0.06	0.04	0.17	0.73
2212	1	4.35	48.97	0	0.10	0.03	0.22	0.65
2212	1	4.65	48.97	0	0.11	0.04	0.15	0.71
2212	1	4.95	48.97	0	0.13	0.04	0.13	0.70
2212	1	5.25	48.97	0	0.18	0.03	0.16	0.62
2212	1	5.55	48.97	0	0.22	0.04	0.17	0.57
2212	1	5.85	48.97	0	0.21	0.04	0.12	0.63
2212	1	0.15	57.42	0	0.00	0.00	0.00	0.00
2212	1	0.45	57.42	0	0.00	0.00	0.00	1.00
2212	1	0.75	57.42	0	0.00	0.00	0.00	1.00
2212	1	1.05	57.42	0	0.00	0.00	0.00	1.00
2212	1	1.35	57.42	0	0.00	0.00	0.00	1.00
2212	1	1.65	57.42	0	0.00	0.00	0.00	1.00
2212	1	1.95	57.42	0	0.00	0.00	0.02	0.98
2212	1	2.25	57.42	0	0.00	0.00	0.06	0.94
2212	1	2.55	57.42	0	0.00	0.00	0.14	0.85
2212	1	2.85	57.42	0	0.01	0.01	0.11	0.87
2212	1	3.15	57.42	0	0.01	0.01	0.17	0.81
2212	1	3.45	57.42	0	0.03	0.02	0.21	0.74
2212	1	3.75	57.42	0	0.05	0.03	0.22	0.69
2212	1	4.05	57.42	0	0.07	0.03	0.17	0.72
2212	1	4.35	57.42	0	0.13	0.04	0.17	0.66
2212	1	4.65	57.42	0	0.14	0.04	0.17	0.66
2212	1	4.95	57.42	0	0.18	0.03	0.10	0.70
2212	1	5.25	57.42	0	0.23	0.03	0.13	0.62
2212	1	5.55	57.42	0	0.22	0.02	0.15	0.61
2212	1	5.85	57.42	0	0.25	0.04	0.12	0.59
2212	1	0.15	65.88	0	0.00	0.00	0.00	0.00
2212	1	0.45	65.88	0	0.00	0.00	0.00	1.00
2212	1	0.75	65.88	0	0.00	0.00	0.00	1.00
2212	1	1.05	65.88	0	0.00	0.00	0.00	1.00
2212	1	1.35	65.88	0	0.00	0.00	0.00	1.00
2212	1	1.65	65.88	0	0.00	0.00	0.00	1.00
2212	1	1.95	65.88	0	0.00	0.00	0.01	0.99
2212	1	2.25	65.88	0	0.00	0.00	0.08	0.92
2212	1	2.55	65.88	0	0.00	0.00	0.13	0.86
2212	1	2.85	65.88	0	0.01	0.01	0.16	0.81
2212	1	3.15	65.88	0	0.01	0.03	0.20	0.76
2212	1	3.45	65.88	0	0.04	0.03	0.22	0.72
2212	1	3.75	65.88	0	0.07	0.02	0.18	0.74
2212	1	4.05	65.88	0	0.09	0.03	0.17	0.70
2212	1	4.35	65.88	0	0.13	0.04	0.21	0.62
2212	1	4.65	65.88	0	0.16	0.03	0.17	0.64
2212	1	4.95	65.88	0	0.20	0.04	0.16	0.61
2212	1	5.25	65.88	0	0.22	0.04	0.14	0.60
2212	1	5.55	65.88	0	0.25	0.04	0.15	0.57
2212	1	5.85	65.88	0	0.27	0.02	0.13	0.59
2212	1	0.15	74.32	0	0.00	0.00	0.00	0.00
2212	1	0.45	74.32	0	0.00	0.00	0.00	1.00
2212	1	0.75	74.32	0	0.00	0.00	0.00	1.00
2212	1	1.05	74.32	0	0.00	0.00	0.00	1.00
2212	1	1.35	74.32	0	0.00	0.00	0.00	1.00
2212	1	1.65	74.32	0	0.00	0.00	0.01	0.99
2212	1	1.95	74.32	0	0.00	0.00	0.03	0.97
2212	1	2.25	74.32	0	0.00	0.00	0.06	0.94
2212	1	2.55	74.32	0	0.00	0.00	0.14	0.86
2212	1	2.85	74.32	0	0.01	0.02	0.17	0.80
2212	1	3.15	74.32	0	0.03	0.02	0.20	0.75
2212	1	3.45	74.32	0	0.04	0.04	0.19	0.74
2212	1	3.75	74.32	0	0.09	0.03	0.20	0.68
2212	1	4.05	74.32	0	0.13	0.04	0.20	0.63
2212	1	4.35	74.32	0	0.19	0.04	0.15	0.62
2212	1	4.65	74.32	0	0.16	0.03	0.18	0.63
2212	1	4.95	74.32	0	0.20	0.04	0.16	0.59
2212	1	5.25	74.32	0	0.22	0.04	0.14	0.60
2212	1	5.55	74.32	0	0.26	0.03	0.13	0.58
2212	1	5.85	74.32	0	0.29	0.03	0.10	0.58
2212	1	0.15	82.78	0	0.00	0.00	0.00	0.00
2212	1	0.45	82.78	0	0.00	0.00	0.00	1.00
2212	1	0.75	82.78	0	0.00	0.00	0.00	1.00
2212	1	1.05	82.78	0	0.00	0.00	0.00	1.00
2212	1	1.35	82.78	0	0.00	0.00	0.00	1.00
2212	1	1.65	82.78	0	0.00	0.00	0.01	0.99
2212	1	1.95	82.78	0	0.00	0.00	0.04	0.96
2212	1	2.25	82.78	0	0.00	0.00	0.09	0.91
2212	1	2.55	82.78	0	0.00	0.00	0.16	0.84
2212	1	2.85	82.78	0	0.01	0.02	0.20	0.77
2212	1	3.15	82.78	0	0.04	0.04	0.19	0.74
2212	1	3.45	82.78	0	0.04	0.03	0.20	0.73
2212	1	3.75	82.78	0	0.09	0.03	0.17	0.71
2212	1	4.05	82.78	0	0.12	0.03	0.19	0.66
2212	1	4.35	82.78	0	0.15	0.05	0.15	0.66
2212	1	4.65	82.78	0	0.15	0.05	0.16	0.64
2212	1	4.95	82.78	0	0.25	0.04	0.14	0.57
2212	1	5.25	82.78	0	0.25	0.04	0.11	0.60
2212	1	5.55	82.78	0	0.26	0.03	0.14	0.58
2212	1	5.85	82.78	0	0.33	0.02	0.10	0.55
2212	1	0.15	91.22	0	0.00	0.00	0.00	0.00
2212	1	0.45	91.22	0	0.00	0.00	0.00	1.00
2212	1	0.75	91.22	0	0.00	0.00	0.00	1.00
2212	1	1.05	91.22	0	0.00	0.00	0.00	1.00
2212	1	1.35	91.22	0	0.00	0.00	0.00	1.00
2212	1	1.65	91.22	0	0.00	0.00	0.01	0.99
2212	1	1.95	91.22	0	0.00	0.00	0.05	0.95
2212	1	2.25	91.22	0	0.00	0.00	0.10	0.90
2212	1	2.55	91.22	0	0.00	0.01	0.13	0.86
2212	1	2.85	91.22	0	0.01	0.01	0.19	0.79
2212	1	3.15	91.22	0	0.03	0.03	0.17	0.76
2212	1	3.45	91.22	0	0.05	0.02	0.21	0.72
2212	1	3.75	91.22	0	0.07	0.04	0.19	0.70
2212	1	4.05	91.22	0	0.13	0.04	0.18	0.65
2212	1	4.35	91.22	0	0.16	0.03	0.19	0.62
2212	1	4.65	91.22	0	0.18	0.04	0.15	0.63
2212	1	4.95	91.22	0	0.22	0.04	0.12	0.61
2212	1	5.25	91.22	0	0.23	0.03	0.13	0.60
2212	1	5.55	91.22	0	0.21	0.03	0.11	0.65
2212	1	5.85	91.22	0	0.31	0.02	0.09	0.58
2212	1	0.15	99.67	0	0.00	0.00	0.00	0.00
2212	1	0.45	99.67	0	0.00	0.00	0.00	1.00
2212	1	0.75	99.67	0	0.00	0.00	0.00	1.00
2212	1	1.05	99.67	0	0.00	0.00	0.00	1.00
2212	1	1.35	99.67	0	0.00	0.00	0.00	1.00
2212	1	1.65	99.67	0	0.00	0.00	0.00	1.00
2212	1	1.95	99.67	0	0.00	0.00	0.04	0.96
2212	1	2.25	99.67	0	0.00	0.00	0.09	0.91
2212	1	2.55	99.67	0	0.00	0.00	0.16	0.84
2212	1	2.85	99.67	0	0.02	0.02	0.17	0.79
2212	1	3.15	99.67	0	0.03	0.02	0.23	0.73
2212	1	3.45	99.67	0	0.06	0.02	0.20	0.73
2212	1	3.75	99.67	0	0.08	0.04	0.17	0.71
2212	1	4.05	99.67	0	0.14	0.04	0.18	0.64
2212	1	4.35	99.67	0	0.16	0.04	0.17	0.62
2212	1	4.65	99.67	0	0.18	0.04	0.17	0.61
2212	1	4.95	99.67	0	0.24	0.03	0.17	0.57
2212	1	5.25	99.67	0	0.27	0.04	0.13	0.56
2212	1	5.55	99.67	0	0.28	0.02	0.10	0.60
2212	1	5.85	99.67	0	0.28	0.02	0.12	0.58
2212	1	0.15	108.12	0	0.00	0.00	0.00	0.00
2212	1	0.45	108.12	0	0.00	0.00	0.00	1.00
2212	1	0.75	108.12	0	0.00	0.00	0.00	1.00
2212	1	1.05	108.12	0	0.00	0.00	0.00	1.00
2212	1	1.35	108.12	0	0.00	0.00	0.00	1.00
2212	1	1.65	108.12	0	0.00	0.00	0.01	0.99
2212	1	1.95	108.12	0	0.00	0.00	0.04	0.96
2212	1	2.25	108.12	0	0.00	0.00	0.09	0.91
2212	1	2.55	108.12	0	0.00	0.01	0.12	0.87
2212	1	2.85	108.12	0	0.01	0.02	0.17	0.80
2212	1	3.15	108.12	0	0.01	0.02	0.20	0.77
2212	1	3.45	108.12	0	0.05	0.01	0.15	0.79
2212	1	3.75	108.12	0	0.05	0.03	0.20	0.72
2212	1	4.05	108.12	0	0.12	0.05	0.19	0.64
2212	1	4.35	108.12	0	0.17	0.03	0.14	0.66
2212	1	4.65	108.12	0	0.20	0.05	0.15	0.60
2212	1	4.95	108.12	0	0.24	0.04	0.13	0.59
2212	1	5.25	108.12	0	0.26	0.02	0.12	0.60
2212	1	5.55	108.12	0	0.26	0.03	0.13	0.58
2212	1	5.85	108.12	0	0.26	0.02	0.12	0.61
2212	1	0.15	116.57	0	0.00	0.00	0.00	0.00
2212	1	0.45	116.57	0	0.00	0.00	0.00	1.00
2212	1	0.75	116.57	0	0.00	0.00	0.00	1.00
2212	1	1.05	116.57	0	0.00	0.00	0.00	1.00
2212	1	1.35	116.57	0	0.00	0.00	0.00	1.00
2212	1	1.65	116.57	0	0.00	0.00	0.00	1.00
2212	1	1.95	116.57	0	0.00	0.00	0.03	0.97
2212	1	2.25	116.57	0	0.00	0.00	0.07	0.93
2212	1	2.55	116.57	0	0.00	0.00	0.11	0.88
2212	1	2.85	116.57	0	0.00	0.01	0.19	0.80
2212	1	3.15	116.57	0	0.03	0.00	0.15	0.82
2212	1	3.45	116.57	0	0.03	0.03	0.23	0.72
2212	1	3.75	116.57	0	0.05	0.03	0.19	0.73
2212	1	4.05	116.57	0	0.09	0.03	0.16	0.72
2212	1	4.35	116.57	0	0.14	0.03	0.18	0.65
2212	1	4.65	116.57	0	0.17	0.03	0.13	0.66
2212	1	4.95	116.57	0	0.16	0.04	0.14	0.65
2212	1	5.25	116.57	0	0.24	0.02	0.14	0.61
2212	1	5.55	116.57	0	0.24	0.03	0.12	0.61
2212	1	5.85	116.57	0	0.30	0.03	0.12	0.56
2212	1	0.15	125.02	0	0.00	0.00	0.00	0.00
2212	1	0.45	125.02	0	0.00	0.00	0.00	1.00
2212	1	0.75	125.02	0	0.00	0.00	0.00	1.00
2212	1	1.05	125.02	0	0.00	0.00	0.00	1.00
2212	1	1.35	125.02	0	0.00	0.00	0.00	1.00
2212	1	1.65	125.02	0	0.00	0.00	0.00	1.00
2212	1	1.95	125.02	0	0.00	0.00	0.02	0.98
2212	1	2.25	125.02	0	0.00	0.00	0.04	0.96
2212	1	2.55	125.02	0	0.00	0.00	0.10	0.89
2212	1	2.85	125.02	0	0.00	0.01	0.13	0.86
2212	1	3.15	125.02	0	0.01	0.00	0.17	0.81
2212	1	3.45	125.02	0	0.02	0.01	0.18	0.79
2212	1	3.75	125.02	0	0.05	0.03	0.20	0.72
2212	1	4.05	125.02	0	0.06	0.03	0.24	0.67
2212	1	4.35	125.02	0	0.12	0.04	0.21	0.63
2212	1	4.65	125.02	0	0.15	0.04	0.19	0.63
2212	1	4.95	125.02	0	0.16	0.04	0.14	0.66
2212	1	5.25	125.02	0	0.18	0.04	0.17	0.61
2212	1	5.55	125.02	0	0.24	0.04	0.16	0.56
2212	1	5.85	125.02	0	0.21	0.04	0.14	0.60
2212	1	0.15	133.47	0	0.00	0.00	0.00	0.00
2212	1	0.45	133.47	0	0.00	0.00	0.00	1.00
2212	1	0.75	133.47	0	0.00	0.00	0.00	1.00
2212	1	1.05	133.47	0	0.00	0.00	0.00	1.00
2212	1	1.35	133.47	0	0.00	0.00	0.00	1.00
2212	1	1.65	133.47	0	0.00	0.00	0.00	1.00
2212	1	1.95	133.47	0	0.00	0.00	0.01	0.99
2212	1	2.25	133.47	0	0.00	0.00	0.03	0.97
2212	1	2.55	133.47	0	0.00	0.00	0.07	0.93
2212	1	2.85	133.47	0	0.00	0.00	0.11	0.89
2212	1	3.15	133.47	0	0.00	0.02	0.12	0.85
2212	1	3.45	133.47	0	0.03	0.02	0.17	0.77
2212	1	3.75	133.47	0	0.03	0.02	0.22	0.73
2212	1	4.05	133.47	0	0.06	0.03	0.20	0.71
2212	1	4.35	133.47	0	0.08	0.03	0.20	0.69
2212	1	4.65	133.47	0	0.09	0.03	0.17	0.71
2212	1	4.95	133.47	0	0.15	0.02	0.17	0.66
2212	1	5.25	133.47	0	0.19	0.03	0.14	0.64
2212	1	5.55	133.47	0	0.18	0.04	0.18	0.60
2212	1	5.85	133.47	0	0.21	0.02	0.14	0.63
2212	1	0.15	141.92	0	0.00	0.00	0.00	0.00
2212	1	0.45	141.92	0	0.00	0.00	0.00	0.00
2212	1	0.75	141.92	0	0.00	0.00	0.00	1.00
2212	1	1.05	141.92	0	0.00	0.00	0.00	1.00
2212	1	1.35	141.92	0	0.00	0.00	0.00	1.00
2212	1	1.65	141.92	0	0.00	0.00	0.00	1.00
2212	1	1.95	141.92	0	0.00	0.00	0.01	0.99
2212	1	2.25	141.92	0	0.00	0.00	0.01	0.99
2212	1	2.55	141.92	0	0.00	0.00	0.03	0.97
2212	1	2.85	141.92	0	0.00	0.00	0.09	0.91
2212	1	3.15	141.92	0	0.00	0.01	0.14	0.86
2212	1	3.45	141.92	0	0.01	0.02	0.19	0.78
2212	1	3.75	141.92	0	0.02	0.01	0.17	0.80
2212	1	4.05	141.92	0	0.02	0.02	0.18	0.77
2212	1	4.35	141.92	0	0.05	0.01	0.22	0.72
2212	1	4.65	141.92	0	0.08	0.02	0.18	0.72
2212	1	4.95	141.92	0	0.10	0.03	0.22	0.65
2212	1	5.25	141.92	0	0.15	0.02	0.18	0.65
2212	1	5.55	141.92	0	0.15	0.04	0.18	0.63
2212	1	5.85	141.92	0	0.15	0.03	0.17	0.65
2212	1	0.15	150.38	0	0.00	0.00	0.00	0.00
2212	1	0.45	150.38	0	0.00	0.00	0.00	0.00
2212	1	0.75	150.38	0	0.00	0.00	0.00	1.00
2212	1	1.05	150.38	0	0.00	0.00	0.00	1.00
2212	1	1.35	150.38	0	0.00	0.00	0.00	1.00
2212	1	1.65	150.38	0	0.00	0.00	0.00	1.00
2212	1	1.95	150.38	0	0.00	0.00	0.00	1.00
2212	1	2.25	150.38	0	0.00	0.00	0.00	1.00
2212	1	2.55	150.38	0	0.00	0.00	0.02	0.98
2212	1	2.85	150.38	0	0.00	0.00	0.05	0.95
2212	1	3.15	150.38	0	0.00	0.00	0.09	0.91
2212	1	3.45	150.38	0	0.00	0.00	0.15	0.85
2212	1	3.75	150.38	0	0.00	0.01	0.14	0.85
2212	1	4.05	150.38	0	0.01	0.02	0.16	0.81
2212	1	4.35	150.38	0	0.01	0.03	0.20	0.77
2212	1	4.65	150.38	0	0.05	0.01	0.21	0.72
2212	1	4.95	150.38	0	0.08	0.04	0.21	0.67
2212	1	5.25	150.38	0	0.09	0.05	0.19	0.67
2212	1	5.55	150.38	0	0.13	0.03	0.17	0.67
2212	1	5.85	150.38	0	0.14	0.04	0.19	0.63
